95 128
336.480546 383.510614 34.812931 0.765663
 -2 1 0 1 0 0 0 0 0 0 2 0 0 0 0 -1 0 0 2 0
 0 0 0 0 -3 0 0 0 0 0 0 0 0 3 -1 0 0 0 0 0
 4 0 0 0 0 0 0 0 4 0 0 0 0 0 0 0 -1 -2 -1 0
 0 0 0 2
336.480546 383.510614 34.812931 -2.105371
 -2 2 0 0 0 0 0 0 1 0 2 0 0 0 0 0 1 0 2 0
 0 0 0 0 -3 -1 0 0 0 0 0 0 -1 3 -1 0 0 0 0 0
 3 0 -1 0 0 0 0 0 3 0 -1 0 0 0 0 0 -2 -3 0 0
 0 0 0 0
400.484770 485.720798 19.974215 1.119963
 -3 2 0 0 0 0 0 0 -1 -1 1 0 0 0 0 0 0 -2 0 0
 0 0 0 0 3 1 0 0 0 0 0 0 -3 2 0 0 0 0 0 0
 0 -2 0 0 0 0 0 0 0 -2 0 0 0 0 0 0 3 2 0 0
 0 0 0 0
400.484770 485.720798 19.974215 -1.808748
 -2 0 0 0 0 0 1 0 0 -1 -1 0 0 0 0 0 0 1 -1 0
 0 0 0 0 -2 0 0 0 0 0 0 0 -1 -2 1 0 0 0 0 0
 3 0 0 0 0 0 0 0 3 0 0 0 0 0 -1 0 -1 2 1 0
 0 0 0 0
353.898724 453.444900 12.386260 1.286847
 4 -2 0 0 0 0 0 0 2 1 0 0 0 0 0 0 -3 0 0 0
 0 0 0 0 -2 0 2 0 0 0 0 0 3 0 1 1 0 0 0 0
 1 2 0 0 0 0 0 0 -3 0 -1 0 0 0 0 0 -2 -1 0 0
 0 0 0 0
353.898724 453.444900 12.386260 0.420057
 -1 2 1 0 0 0 0 0 0 -2 0 0 0 0 0 0 0 -1 0 1
 0 0 0 0 3 1 0 0 0 0 0 1 -3 2 -1 0 0 0 0 -1
 -1 -1 -1 0 0 0 0 0 0 -2 0 0 0 0 0 0 3 1 0 0
 0 0 0 0
399.643146 415.812132 10.389471 -1.637000
 3 -3 0 0 0 0 3 0 1 1 2 0 0 0 0 0 -2 0 0 0
 0 0 -1 0 -2 0 0 0 0 0 0 0 3 0 -1 0 0 0 1 0
 2 2 0 0 0 0 0 0 -2 0 0 0 0 0 -1 0 -2 0 0 0
 0 0 0 0
399.643146 415.812132 10.389471 -2.239034
 -2 1 -2 0 0 0 0 0 0 -2 0 1 0 0 0 0 1 -1 -1 0
 0 0 0 -1 3 2 0 0 0 0 0 0 -3 1 0 0 0 0 0 1
 -3 0 1 0 0 0 0 0 0 -2 0 0 0 0 0 0 3 1 0 0
 0 0 0 0
301.207250 338.385367 10.247919 1.622107
 2 0 0 0 0 0 0 0 0 0 1 0 0 0 0 0 0 0 1 0
 0 0 0 0 -2 2 0 0 0 0 0 0 3 0 0 0 0 0 0 0
 1 -2 0 0 0 0 0 0 -1 -2 0 0 0 0 0 0 -2 0 -1 0
 0 0 0 0
364.980343 347.435610 10.189468 -2.091149
 3 1 0 0 0 0 0 0 0 -1 1 0 0 0 0 0 -2 0 0 -1
 0 0 0 0 -2 2 0 0 0 0 0 0 3 0 0 0 0 0 0 0
 0 -2 0 0 0 0 0 0 -1 -1 0 0 0 0 0 0 -2 0 0 0
 0 0 0 0
364.980343 347.435610 10.189468 -2.786660
 0 -1 0 0 0 0 0 0 0 -1 0 0 0 0 0 0 0 0 0 0
 0 0 0 0 -2 1 0 0 0 0 0 0 3 1 -1 0 0 0 0 0
 2 0 1 0 0 0 0 0 0 0 1 0 0 0 0 0 -2 1 0 0
 0 0 0 0
316.624904 415.739921 9.388567 0.545355
 1 0 1 0 0 0 0 0 0 -1 0 0 0 0 0 0 0 0 0 0
 0 0 0 0 -2 1 0 0 0 0 0 0 3 1 0 0 0 0 0 0
 0 0 -1 0 0 0 0 0 0 0 -1 0 0 0 0 0 -2 1 0 0
 0 0 0 0
343.667835 397.863888 7.448317 2.076258
 -1 0 -1 0 0 0 0 0 -1 0 0 0 0 0 0 -1 -1 0 0 0
 0 0 0 0 -2 2 0 0 0 0 0 0 -1 -1 0 0 0 0 0 0
 1 0 1 0 0 0 0 0 3 0 0 0 0 0 0 0 3 0 0 0
 0 0 0 1
336.353920 325.703430 6.682467 -3.140469
 -1 -1 0 0 0 0 0 0 -1 1 0 0 0 0 0 0 0 1 0 0
 0 0 0 0 3 0 0 0 0 -1 0 0 -1 0 0 0 0 0 0 0
 -1 0 0 0 0 0 0 0 -1 -1 0 0 0 0 0 0 2 0 0 0
 0 -1 0 0
333.255644 380.247675 4.706271 -1.305744
 1 -1 1 0 0 0 0 0 0 -1 0 0 0 0 0 0 0 -1 0 0
 0 0 0 0 3 2 0 0 0 0 0 0 -1 -1 0 0 0 0 0 0
 -2 1 0 0 0 0 0 0 -2 0 0 1 0 0 0 0 -1 1 0 0
 0 0 0 0
384.315227 364.584827 4.699642 2.679818
 0 -1 0 0 0 0 -1 0 -1 0 0 0 0 0 0 0 0 0 1 0
 0 0 0 0 2 -1 0 0 0 -1 -1 1 -2 -1 0 0 0 0 -1 0
 -1 2 0 0 0 1 1 0 0 3 0 0 0 0 2 -1 3 0 0 0
 0 -1 1 0
384.315227 364.584827 4.699642 -1.653425
 3 -1 0 0 0 0 0 -1 0 1 1 0 0 0 0 1 -2 0 0 0
 0 0 0 0 -2 -1 -1 0 0 0 -1 0 3 -1 0 0 0 0 0 -2
 1 2 0 0 0 0 1 0 0 1 0 0 0 0 1 1 -2 0 0 0
 0 0 0 0
290.443649 367.046976 3.802728 1.772368
 3 -2 0 0 0 0 0 0 0 1 1 0 0 0 0 0 -2 0 0 0
 0 0 0 0 -1 -1 0 0 0 0 0 0 1 0 -1 0 0 0 0 0
 -1 0 0 0 0 0 0 0 0 1 0 0 0 0 0 0 -1 0 0 0
 0 0 0 0
372.790563 360.608757 3.713351 2.506806
 0 2 0 0 0 1 1 -2 -1 0 -1 0 0 0 0 0 0 -1 -1 0
 0 0 0 1 4 0 1 0 0 2 0 0 -2 0 1 0 0 -1 0 0
 -2 0 0 0 0 -2 0 1 -1 -2 0 0 0 -1 -1 2 1 1 0 0
 0 1 0 -1
372.790563 360.608757 3.713351 -2.676341
 1 0 0 0 0 0 0 0 2 0 0 0 0 0 0 -2 2 0 0 0
 0 0 0 -1 -1 2 1 0 0 0 -1 0 -2 0 -1 0 0 0 0 1
 0 -1 0 0 0 0 0 0 0 0 0 -1 0 0 1 0 -1 0 0 0
 0 0 0 0
315.777746 315.285449 3.575571 3.119181
 -3 -1 -1 0 0 0 0 0 -3 0 -1 0 0 0 0 0 1 2 0 0
 0 0 0 0 4 -1 0 0 0 0 -1 0 -2 0 1 0 0 0 0 0
 -2 0 1 0 0 0 0 0 1 2 0 0 0 0 0 0 4 -1 0 0
 0 0 -1 0
330.282097 323.135667 3.494254 -3.111474
 -1 0 2 0 0 0 0 0 0 2 0 -1 0 0 0 0 0 2 0 0
 0 0 0 0 -3 0 0 0 0 0 0 0 1 -2 1 0 0 0 0 0
 3 0 0 0 0 0 0 0 1 0 0 1 0 0 0 0 -2 -1 0 0
 1 0 0 0
373.070289 361.135148 3.376072 2.347316
 0 3 0 0 0 0 0 0 -1 0 -1 0 0 0 0 0 2 -1 0 1
 0 0 0 0 4 0 1 0 0 0 0 0 -3 0 2 0 0 0 0 0
 -2 -1 0 0 0 0 0 0 0 -2 0 0 1 0 0 0 0 1 -1 0
 0 0 0 0
373.070289 361.135148 3.376072 -2.652009
 0 0 0 0 0 0 0 0 3 0 0 -1 0 0 0 0 1 0 0 1
 0 0 0 0 -1 2 0 0 0 0 0 0 -1 -1 1 0 0 0 0 0
 0 -1 0 0 0 0 0 0 0 -1 -1 0 0 0 0 0 -1 0 0 0
 0 0 0 0
294.671506 378.102141 3.284983 1.879290
 4 0 0 0 0 0 0 0 0 -2 0 0 0 0 0 0 -1 0 0 0
 0 0 0 0 -1 0 1 0 0 0 0 0 2 2 0 0 0 0 0 0
 -1 0 0 0 0 0 0 0 -1 0 0 0 0 0 0 0 0 0 0 0
 0 0 0 0
383.090152 413.704291 3.080726 -1.564079
 4 0 0 0 0 0 0 0 1 2 1 0 0 0 0 0 -2 0 0 0
 0 0 0 0 -2 0 0 0 0 0 0 0 3 -1 0 0 0 0 0 0
 0 -1 1 0 0 0 0 0 -1 -1 0 0 0 0 0 0 -2 0 0 0
 0 0 0 0
302.574362 324.444280 3.054335 2.516581
 -3 -1 0 0 0 0 0 1 -1 0 0 0 0 0 0 0 1 0 0 0
 0 0 0 0 2 0 -1 0 0 0 0 -1 0 1 0 0 0 0 0 0
 0 2 0 -1 0 0 0 0 0 0 1 0 0 0 0 0 2 0 0 0
 0 0 0 0
382.293800 495.573090 2.906917 1.132534
 2 -1 0 0 0 0 1 0 -1 0 0 0 0 0 0 0 -1 0 0 0
 0 0 0 0 0 0 0 0 0 0 0 0 3 0 0 0 0 0 1 0
 0 1 0 0 0 0 0 0 0 1 0 0 0 0 0 0 0 0 0 0
 0 0 0 0
332.652267 314.956455 2.716374 -3.104766
 -2 -2 -1 0 0 0 0 0 -2 0 0 0 0 0 0 0 1 1 -1 -1
 0 0 0 0 4 -1 0 0 0 0 0 0 -3 -1 2 0 0 0 0 0
 -1 1 0 1 0 0 0 0 0 2 0 0 0 0 0 0 4 -1 0 0
 0 0 0 0
421.968939 513.274099 2.664911 -1.381494
 3 0 0 0 0 -1 1 2 1 0 -1 0 0 0 0 1 -1 -1 0 0
 0 1 0 0 -1 -1 0 0 0 0 0 -1 1 1 0 0 0 -1 0 0
 0 1 -1 0 0 0 0 0 -1 0 0 0 0 0 -1 -1 -1 0 0 0
 0 0 0 -1
304.507829 332.786868 2.525143 3.043458
 0 -1 1 0 0 0 0 0 -1 0 0 0 0 0 0 0 -1 0 0 0
 0 0 0 0 -1 0 0 0 0 0 0 0 0 3 0 0 0 0 0 0
 1 0 0 0 0 0 0 0 2 0 0 0 0 0 0 0 -1 0 0 0
 0 0 0 0
342.690183 365.143468 2.432856 -0.903186
 2 0 0 1 0 0 0 0 -1 0 1 0 0 0 0 0 -2 0 0 0
 0 0 0 0 0 2 0 0 0 0 0 0 0 0 -1 0 0 0 0 0
 -1 -1 -1 0 0 0 0 0 0 0 -1 0 0 0 0 0 1 0 1 -1
 0 0 0 0
366.246463 427.595264 2.427303 2.231619
 3 1 -1 0 0 0 0 -1 2 0 2 0 0 0 0 -1 -1 3 0 0
 0 0 0 1 -1 0 0 1 0 0 0 0 1 -1 0 0 1 0 0 0
 0 -2 0 0 0 0 0 0 -2 -1 0 0 0 0 0 1 -2 0 -1 -1
 0 0 0 1
303.767755 340.368262 2.229017 3.070193
 0 0 0 0 0 0 0 0 0 0 0 0 0 0 0 0 2 1 0 0
 0 0 0 0 2 0 0 0 0 0 0 0 -2 1 0 0 0 0 0 0
 -2 0 0 0 0 0 0 0 0 -1 0 0 0 0 0 0 0 -1 0 0
 0 0 0 0
378.977711 442.106088 2.213517 1.066952
 1 0 0 0 0 0 0 0 -1 -1 0 0 0 0 0 0 0 -2 0 0
 0 0 0 1 -1 -1 0 0 0 0 0 0 2 1 0 0 0 0 0 0
 0 1 0 1 0 0 0 0 0 0 2 0 0 0 0 0 -2 1 0 0
 0 0 0 -1
361.043532 355.881435 2.179569 -2.592866
 0 0 -1 0 0 0 -1 0 0 -1 0 0 0 0 0 0 0 -2 0 0
 0 0 0 0 3 0 1 0 0 0 1 3 -2 1 1 0 0 0 0 -1
 -2 0 0 0 0 0 0 -2 0 0 -1 0 0 0 -1 0 2 1 -1 0
 0 0 0 1
420.400486 525.776704 2.141747 -0.867146
 1 -1 0 0 0 0 1 1 1 0 0 0 0 0 1 0 -1 0 0 0
 0 0 -1 0 -1 0 0 0 0 0 -1 0 1 0 0 0 0 1 0 0
 1 1 0 0 0 0 1 0 -1 0 0 0 0 0 -1 -1 -1 0 0 0
 0 0 -1 0
317.537245 340.096182 2.108890 2.531019
 2 0 0 1 0 0 0 0 0 -1 0 0 0 0 0 0 0 -1 0 0
 0 0 0 0 -1 0 0 0 0 0 0 0 -1 0 0 0 0 0 0 0
 -1 0 0 0 0 0 0 0 0 2 0 0 0 0 0 0 1 0 1 0
 0 0 0 0
317.537245 340.096182 2.108890 -1.385458
 2 0 0 0 0 0 0 0 0 0 0 0 0 0 0 0 -1 0 0 0
 0 0 0 0 -1 2 0 0 0 0 0 0 2 0 0 0 0 0 0 0
 0 -1 0 0 0 0 0 0 -1 0 0 0 0 0 0 0 0 0 0 0
 0 0 0 0
341.627658 430.523740 2.017166 0.176305
 3 0 0 0 0 0 0 0 0 1 0 0 0 0 0 0 -1 0 0 0
 0 0 0 0 -1 0 0 0 0 0 0 0 3 0 0 0 0 0 0 0
 0 0 0 0 0 0 0 0 -1 0 0 0 0 0 0 0 -1 0 0 0
 0 0 0 0
389.077269 412.628444 2.010475 -1.596982
 -2 -1 1 0 0 0 0 0 0 0 -1 0 0 0 0 0 0 0 -1 0
 0 0 0 0 1 -1 0 0 0 0 0 0 -1 0 1 1 0 0 0 0
 0 1 0 0 0 0 0 0 0 1 0 0 0 0 0 0 3 0 1 0
 0 0 0 0
284.919467 343.295513 1.938769 1.729987
 1 -1 0 0 0 -1 0 2 -1 0 0 0 0 0 0 0 -1 0 0 0
 0 0 0 0 -1 0 -1 0 0 1 0 -1 4 0 0 0 0 -2 -1 2
 0 2 0 0 0 0 1 0 0 1 0 0 0 0 0 0 -1 0 0 0
 0 0 0 -1
293.886976 351.714895 1.897237 1.016800
 -1 0 0 0 0 0 0 0 -1 0 0 0 0 0 0 0 3 0 0 0
 0 0 0 0 2 -1 0 0 0 0 0 0 -2 0 0 0 0 0 0 0
 -1 0 0 0 0 0 0 0 2 2 0 0 0 0 0 0 -1 0 0 0
 0 0 0 0
355.545831 434.762508 1.896547 0.386692
 -1 0 1 0 0 0 0 0 0 0 0 0 0 0 0 0 0 -1 0 0
 0 0 0 0 0 -1 0 0 0 0 0 0 -1 0 0 0 0 0 1 0
 0 1 0 0 0 0 0 0 2 0 0 0 0 -1 0 -1 1 0 0 0
 0 0 0 -1
348.489629 348.695865 1.851926 -1.998549
 0 1 0 0 0 0 0 0 0 0 0 0 0 0 0 0 1 0 1 0
 0 0 0 0 2 0 0 0 0 0 0 -1 -1 0 0 0 0 0 0 0
 -2 0 0 0 0 0 0 0 0 0 0 0 0 0 0 0 2 0 0 0
 0 0 0 -1
390.835380 373.600920 1.831867 -1.615461
 2 1 0 0 0 0 0 0 1 -1 0 0 0 0 0 0 -1 0 1 0
 0 0 0 0 -2 1 0 0 0 0 0 0 2 1 0 0 0 0 0 0
 1 -2 0 0 0 0 0 0 -1 -2 0 0 0 0 0 0 -2 1 0 0
 0 0 0 0
361.278807 356.683857 1.749895 -2.648174
 -1 0 0 0 0 0 0 -1 -1 -1 0 0 0 0 0 -1 1 -1 0 0
 0 0 0 0 2 1 0 0 0 0 0 2 -2 2 0 0 0 0 0 0
 -2 0 0 0 0 0 0 0 1 -1 -1 0 0 0 0 0 3 0 1 0
 0 0 0 2
336.564890 374.086839 1.670382 -1.291214
 4 0 1 0 0 0 0 1 0 2 0 0 0 0 0 0 -2 0 1 -1
 0 0 0 0 -2 0 0 0 0 0 0 -1 3 -1 0 0 0 0 0 0
 0 1 -1 0 0 0 0 0 -3 -1 0 1 0 0 0 0 0 -1 -1 0
 1 0 0 0
344.932252 322.113637 1.653883 -2.619205
 0 2 0 0 0 0 0 0 -2 0 1 0 0 0 0 0 -1 -1 0 0
 0 0 0 0 3 0 0 0 0 0 0 0 0 2 0 0 0 0 0 0
 -2 0 0 0 0 0 0 0 0 -1 0 0 0 0 0 0 4 0 0 0
 0 0 0 0
323.588375 320.393545 1.624510 2.912930
 2 2 0 0 0 0 0 0 0 0 2 0 0 0 0 0 -3 0 0 0
 0 0 0 0 -3 0 0 0 0 0 0 0 3 0 -1 0 0 0 0 0
 2 -1 0 0 0 0 0 0 0 -1 0 0 0 0 0 0 -3 0 0 0
 0 0 0 0
331.566072 355.363138 1.558466 2.636128
 -2 -1 1 0 0 0 0 0 -3 2 0 0 0 0 0 0 0 0 -1 0
 0 0 0 0 4 1 1 0 0 0 0 0 0 0 0 0 0 0 0 0
 -1 0 0 0 0 0 0 0 0 -1 0 -1 0 0 0 0 2 0 0 0
 0 0 0 0
329.070387 328.906660 1.539886 1.716114
 2 1 -1 0 0 0 0 0 1 0 2 0 0 0 0 0 -2 1 0 0
 0 0 0 0 0 0 0 0 0 0 0 0 0 -1 0 0 0 0 0 0
 0 -1 0 0 0 0 0 0 -2 0 0 1 0 0 0 0 0 -1 0 0
 0 0 0 0
325.324062 326.320279 1.520025 1.709455
 4 -1 0 0 0 0 0 2 1 0 1 0 0 0 0 0 0 2 0 0
 0 0 0 0 0 1 -1 0 0 0 0 0 -1 -1 0 0 0 0 0 0
 -1 0 1 0 0 0 0 0 -2 0 0 0 0 0 0 -1 -1 -1 0 0
 0 0 0 0
325.324062 326.320279 1.520025 0.830121
 3 2 0 0 0 0 0 0 -2 0 2 0 0 0 0 0 -1 -1 0 0
 0 0 0 0 2 -1 0 0 0 0 0 0 0 3 -1 0 0 0 0 0
 -2 0 0 0 0 0 0 0 -2 -1 -1 0 0 0 0 0 3 -2 0 -1
 0 0 0 0
388.539737 412.726921 1.518843 -1.606863
 2 0 -1 0 0 0 0 0 0 -1 0 0 0 0 0 0 -1 0 0 0
 0 0 0 0 -1 0 0 0 0 0 0 0 2 0 0 0 0 0 0 0
 0 -1 0 0 0 0 0 0 -1 0 0 0 0 0 0 0 -2 1 0 0
 0 0 0 0
303.271248 349.689479 1.514039 -2.861009
 2 0 0 0 0 0 0 0 0 1 0 0 0 0 0 0 -2 0 0 0
 0 0 0 0 -2 0 0 0 0 0 0 0 2 0 0 0 0 0 0 0
 1 0 1 0 0 0 0 0 0 0 0 0 0 0 0 0 -1 0 0 0
 0 0 0 0
303.271248 349.689479 1.514039 -0.949942
 0 0 0 0 0 0 0 0 2 0 0 0 0 0 0 0 0 0 0 0
 0 0 0 0 -1 0 0 0 0 0 0 0 0 1 0 0 0 0 0 0
 0 0 0 0 0 0 0 0 0 0 0 0 0 0 0 0 0 0 0 0
 0 0 0 0
278.842008 356.943024 1.502301 2.169108
 2 -2 0 0 0 0 0 0 3 0 0 0 0 0 0 0 -2 0 -1 0
 0 0 0 0 -3 0 0 0 0 0 0 0 3 0 0 0 0 0 0 0
 1 3 0 0 0 0 0 0 -2 0 0 1 0 0 0 0 -3 0 2 0
 0 0 0 0
362.156528 361.280243 1.481278 -2.677808
 -1 0 0 0 0 0 0 0 0 1 0 0 0 0 0 0 0 0 0 0
 0 0 0 0 -1 0 1 0 0 0 0 0 -1 0 0 0 0 0 0 0
 3 0 0 0 0 0 0 0 1 1 0 0 0 0 0 0 -1 0 0 0
 0 0 0 0
375.714185 425.976564 1.450909 2.532848
 -2 2 0 0 0 0 0 0 -2 0 -1 1 0 0 0 0 0 -1 0 0
 0 0 0 0 3 2 0 0 0 0 0 0 0 0 1 0 0 0 0 0
 0 -1 0 0 0 0 0 0 0 -1 0 0 0 0 0 0 0 0 -1 0
 0 0 0 0
342.035502 371.563823 1.409073 -1.001597
 1 1 0 0 0 0 0 -1 2 0 1 0 0 0 0 -1 2 -1 0 0
 0 0 0 -1 -1 0 0 0 0 0 0 0 -1 0 0 0 0 0 0 1
 0 0 1 0 0 0 0 0 -1 0 0 0 0 0 0 0 -2 0 0 0
 0 0 0 1
348.810697 348.105196 1.356566 -2.109677
 -2 1 1 0 0 0 0 0 0 -1 0 0 0 0 0 0 1 0 0 0
 0 0 0 0 2 0 0 0 0 0 0 0 -2 0 -1 0 0 0 0 0
 -2 0 0 0 0 0 0 0 1 0 0 0 0 0 0 0 2 0 0 0
 0 0 0 0
343.422049 366.422792 1.340907 -0.714204
 3 1 0 0 0 0 0 2 -1 0 0 0 0 0 0 0 -1 -1 1 0
 0 0 0 -1 0 0 0 0 0 0 0 0 3 -1 0 0 0 0 0 2
 -1 0 0 0 0 0 0 0 -1 0 0 0 0 0 0 -1 0 0 0 0
 0 0 0 0
377.820957 487.839366 1.306111 1.189552
 2 0 0 0 0 0 0 0 2 0 0 0 0 0 0 0 -2 0 0 0
 0 0 0 0 -2 0 0 0 0 0 0 0 2 0 0 0 0 0 0 0
 1 1 0 0 0 0 0 0 -2 0 0 0 0 0 0 0 -2 0 0 0
 0 0 0 0
338.679066 323.811759 1.297344 -1.250473
 -1 0 0 0 0 0 0 0 -3 0 2 0 0 0 0 0 0 -1 0 0
 0 0 0 0 3 0 1 0 0 0 0 0 0 -1 0 1 0 0 0 0
 -1 0 -1 0 0 0 0 0 0 0 -1 0 0 0 0 0 2 2 0 0
 0 0 0 0
338.679066 323.811759 1.297344 3.030963
 -1 3 0 0 0 0 0 0 -3 0 -1 0 0 0 0 2 0 -2 0 0
 0 0 0 0 3 0 0 0 0 0 0 -1 0 2 2 0 0 0 0 -1
 -2 0 0 1 0 0 0 0 0 -2 0 0 0 0 0 0 4 0 0 0
 0 0 0 -1
338.531908 349.983111 1.293162 -0.509731
 -1 0 -1 0 0 0 0 0 -2 0 1 0 0 0 0 0 0 -1 1 1
 0 0 0 0 3 1 0 0 0 0 0 0 -3 2 0 0 0 0 0 0
 -1 -1 0 0 0 0 0 0 0 -1 -1 0 0 0 0 0 3 0 0 0
 0 0 0 0
295.115011 360.559380 1.280240 1.316186
 -1 2 0 0 0 0 0 0 0 0 0 0 0 0 0 0 0 0 0 0
 0 0 0 0 0 0 0 0 0 0 0 0 2 0 0 0 0 0 0 0
 2 0 0 0 0 0 0 0 0 -1 0 0 0 0 0 0 0 0 0 0
 0 0 0 0
296.006976 369.375747 1.271631 1.852865
 0 -1 -1 0 0 0 0 0 -1 -2 0 0 0 0 0 0 -2 0 0 0
 0 0 0 0 0 3 0 0 0 0 0 0 3 0 0 -1 0 0 0 0
 0 0 1 1 0 0 0 0 -2 0 0 0 1 0 0 0 0 1 -1 0
 0 0 0 0
346.543855 368.223013 1.269967 -0.707950
 0 -1 0 0 0 0 0 0 -1 3 0 0 0 0 0 0 0 0 0 0
 0 0 0 0 2 1 1 0 0 0 0 0 0 -1 0 0 0 0 0 0
 -1 0 0 0 0 0 0 0 0 -1 0 0 0 0 0 0 3 0 -1 0
 0 0 0 0
291.639524 355.827410 1.223648 1.386284
 1 2 0 0 0 0 0 0 4 -1 0 0 0 0 0 0 0 -1 0 0
 0 0 0 0 -1 0 0 0 0 0 0 0 0 1 2 0 0 0 0 0
 0 -1 0 0 0 0 0 0 -1 0 0 0 0 0 0 0 -1 0 -1 0
 0 0 0 0
337.751588 433.403273 1.209692 0.190796
 -1 1 0 0 0 0 1 0 0 0 0 0 0 0 0 0 0 0 0 0
 0 0 0 0 2 0 0 0 0 0 0 0 -1 0 0 0 0 0 1 0
 0 -1 0 0 0 0 0 0 0 0 0 0 0 0 0 0 0 0 0 0
 0 0 0 0
395.033673 519.760261 1.185975 0.812013
 0 0 0 0 0 0 0 0 0 0 0 0 0 0 0 0 1 0 0 0
 -1 0 0 0 0 2 0 0 1 0 0 0 -1 0 1 0 0 -1 -1 1
 -1 0 0 0 0 0 0 0 0 0 0 0 0 0 0 0 1 0 0 0
 0 1 0 0
287.039676 392.223636 1.138435 1.599554
 3 0 0 0 0 0 0 0 0 1 0 0 0 0 0 0 -1 0 1 0
 0 0 0 0 -1 -1 0 0 0 0 0 0 3 0 0 0 0 0 0 0
 0 1 0 0 0 0 0 0 0 1 0 0 0 0 0 0 -1 -1 0 0
 0 0 0 0
319.646469 320.640398 1.107643 2.880496
 1 0 2 0 0 0 0 0 1 1 1 0 0 0 0 0 -3 0 0 0
 0 0 0 0 -3 -1 0 0 0 0 0 0 4 -2 0 0 0 0 0 0
 3 1 -1 -1 0 0 0 1 -1 1 -1 1 0 0 0 0 -3 0 0 0
 0 0 0 0
377.854245 488.406045 1.097855 1.184780
 -2 0 0 0 0 0 0 0 -2 0 0 0 0 0 0 0 2 0 0 0
 0 0 0 0 0 1 0 0 0 0 0 0 -2 0 0 0 0 0 0 0
 -1 -1 0 0 0 0 0 0 2 0 0 0 0 0 0 0 2 0 0 0
 0 0 0 0
379.347381 361.687835 1.092841 2.152883
 -2 1 -1 0 0 0 0 1 -1 -1 0 0 0 0 0 1 3 0 0 -1
 0 0 0 -3 2 0 0 0 0 0 0 -2 -2 0 1 0 0 0 0 2
 -2 0 1 0 0 0 0 1 0 0 -1 0 0 0 0 0 2 0 0 0
 0 0 0 -2
289.804639 386.821299 1.090447 1.747735
 2 -2 0 0 0 0 0 0 1 1 1 0 0 0 0 0 -2 0 0 0
 0 0 0 0 -2 0 0 0 0 0 0 0 2 0 0 0 0 0 0 0
 1 1 -1 0 0 0 0 0 -1 0 0 0 0 0 0 0 -2 0 0 0
 0 0 0 0
375.372737 422.128048 1.085340 2.720269
 0 0 0 0 0 0 0 0 -1 0 0 0 0 0 0 0 0 0 0 0
 0 0 0 0 1 1 0 0 0 0 0 0 0 0 0 0 0 0 0 0
 -1 0 0 0 0 0 0 0 0 0 1 0 0 0 0 0 4 0 0 0
 0 0 0 0
418.928171 521.937595 1.060349 -0.860435
 2 -1 0 0 0 0 0 0 0 0 1 0 0 0 0 0 -1 0 0 0
 0 0 0 0 -1 0 0 0 0 0 0 0 2 0 0 0 0 0 0 0
 1 1 0 0 0 0 0 0 -1 0 0 0 0 0 0 0 -1 0 0 0
 0 0 0 0
345.676563 326.031335 1.053033 -0.133625
 2 -1 0 0 0 0 0 0 1 0 0 -1 0 0 0 0 -1 0 -1 0
 0 0 0 0 -2 -1 0 0 0 0 0 0 3 -1 0 0 0 0 0 0
 1 2 0 0 0 0 0 -1 -1 1 0 1 0 0 0 0 -3 0 1 0
 0 0 0 0
418.990222 525.359341 1.050746 -0.901636
 2 -1 0 0 0 0 0 0 0 -1 0 0 0 0 0 0 0 0 0 0
 0 0 0 0 0 1 0 0 0 0 0 0 0 -1 1 0 0 0 0 0
 -1 0 0 0 0 0 0 0 0 0 0 0 0 0 0 0 2 1 0 0
 0 0 0 0
412.469818 530.511877 1.028443 -0.115234
 -1 0 0 0 0 0 0 0 -1 0 1 0 0 0 0 0 1 2 0 0
 0 0 0 0 0 1 0 0 0 0 0 0 -1 0 -1 0 0 0 0 0
 -1 -1 0 0 0 0 0 0 2 0 0 0 0 0 0 0 2 0 0 0
 0 0 0 1
368.979812 430.624244 1.014999 2.323321
 -2 0 1 0 0 0 0 0 0 0 0 0 0 0 0 0 1 0 0 0
 0 0 0 0 0 -1 0 0 0 0 0 0 -2 0 0 0 0 0 0 0
 0 2 0 0 0 0 0 0 3 0 0 0 0 0 0 -1 0 0 0 0
 0 0 0 0
404.787058 528.092673 1.014420 0.538931
 3 0 -1 0 0 2 2 2 0 0 0 0 0 0 0 0 0 0 0 0
 0 0 0 0 0 2 0 0 0 -1 0 -1 2 0 1 1 0 0 0 1
 0 0 0 0 0 0 0 0 -1 0 0 0 0 0 0 0 -1 0 0 0
 0 0 0 0
288.863162 339.560635 1.012646 1.766305
 0 1 -1 0 0 0 -1 0 -1 0 0 0 0 0 1 0 -1 0 0 0
 0 0 1 0 -1 0 0 0 0 0 1 0 3 -1 0 0 0 0 -2 0
 1 1 0 0 0 0 -1 0 0 0 1 0 0 0 0 0 0 0 0 0
 0 0 0 0
330.415413 429.549117 0.989309 0.238912
 2 -1 0 0 0 0 0 0 0 1 0 0 0 0 0 0 -2 0 0 0
 0 0 0 0 -2 0 0 0 0 0 0 0 2 0 0 0 0 0 0 0
 2 1 0 0 0 0 0 0 -2 0 0 0 0 0 0 0 -2 0 0 0
 0 0 0 0
381.983395 425.609076 0.988786 -2.724366
 -1 -1 0 0 0 0 0 0 0 0 0 0 0 0 0 0 0 1 0 0
 0 0 0 0 4 -1 0 0 0 0 0 0 -1 0 0 0 0 0 0 0
 -1 0 0 0 0 0 0 0 -1 0 0 0 0 0 0 0 1 1 0 0
 0 0 0 0
421.008416 464.738089 0.965044 -1.781221
 -1 1 0 0 0 0 0 0 -1 0 0 0 1 0 0 0 0 0 0 0
 0 0 0 0 2 0 0 0 -2 0 0 0 0 0 0 0 0 0 0 0
 -1 0 0 0 1 0 0 0 0 0 0 0 0 0 0 0 2 0 0 0
 -2 0 0 0
382.498632 371.601463 0.960713 0.904637
 0 0 0 0 0 0 0 0 0 0 0 0 0 0 0 0 2 0 0 0
 0 0 0 0 1 0 0 0 0 0 0 0 -1 0 0 0 0 0 0 0
 -1 0 0 0 0 0 0 0 0 0 0 0 0 0 0 0 1 0 0 0
 0 0 0 0
305.087060 418.473732 0.945730 0.735945
 3 -1 0 0 0 0 0 0 -1 0 0 0 0 0 0 0 -1 0 0 0
 0 0 0 0 -1 0 0 0 0 0 0 0 3 0 -1 0 0 0 2 0
 1 1 1 0 0 0 0 0 -1 0 0 0 0 0 0 0 -1 0 0 0
 0 0 0 0
359.478484 364.001853 0.942653 0.181799
 0 0 1 0 0 0 0 0 -2 0 0 0 0 0 0 0 -1 0 0 0
 0 0 0 0 3 0 0 0 0 0 0 0 0 1 0 0 0 0 0 0
 -2 0 0 0 0 0 0 0 -1 0 0 0 0 0 0 0 3 -1 0 0
 0 0 0 0
332.575484 396.448242 0.912078 -0.436323
 0 0 0 0 0 0 0 0 0 0 0 0 0 0 0 0 0 2 0 0
 0 0 0 0 -1 0 0 0 0 0 0 0 0 -1 0 0 0 0 0 0
 0 -1 0 0 0 0 0 0 3 0 0 0 0 0 0 1 0 0 0 0
 0 0 0 0
332.575484 396.448242 0.912078 -1.705843
 0 0 0 0 0 0 0 0 0 0 0 0 0 0 0 0 1 0 0 0
 0 0 0 0 0 0 0 0 0 0 0 0 0 0 0 0 0 0 0 0
 0 0 0 0 0 0 0 0 2 0 0 0 0 0 0 0 -1 0 0 0
 0 0 0 0
314.326259 425.133270 0.906263 0.380924
 3 0 0 0 0 0 0 0 0 -1 0 0 0 0 0 0 -1 1 1 0
 0 0 0 0 -2 0 0 0 0 0 0 0 2 1 0 0 0 0 0 0
 1 -1 0 0 0 0 0 0 -2 0 0 0 0 0 0 0 -2 0 0 0
 0 0 0 0
