95 128
336.480546 383.510614 34.812931 0.765663
 0 0 0 3 0 0 0 0 0 7 35 31 1 0 0 0 0 32 27 2
 0 0 0 0 0 2 0 0 0 0 0 0 0 0 0 16 34 1 0 0
 15 55 102 153 153 17 0 1 153 153 86 29 16 3 0 6 24 18 0 0
 0 0 0 0 0 0 0 1 32 12 0 0 37 9 5 21 153 153 7 12
 153 68 4 5 47 68 11 51 67 9 0 0 0 0 0 4 0 0 0 0
 0 1 0 0 3 0 0 0 45 97 18 3 110 12 0 0 15 67 70 94
 32 3 0 0 0 0 0 17
336.480546 383.510614 34.812931 -2.105371
 0 0 0 4 9 0 0 0 8 23 45 109 124 0 0 0 82 92 47 30
 20 0 0 0 4 1 0 0 0 0 0 0 0 0 0 12 35 2 0 0
 36 20 7 152 152 28 3 8 152 103 8 42 57 6 3 40 45 7 0 0
 0 0 0 2 0 0 0 1 26 17 0 0 13 1 0 20 152 152 84 44
 152 6 0 4 16 43 87 152 29 0 0 0 0 0 0 16 0 0 0 0
 0 2 0 0 0 0 0 0 1 32 30 5 1 0 0 0 0 5 33 33
 0 0 0 0 0 0 0 2
400.484770 485.720798 19.974215 1.119963
 0 0 0 5 62 15 0 0 9 0 0 40 151 69 4 19 141 7 0 9
 27 11 5 151 75 3 0 0 0 0 0 73 0 0 0 2 69 9 0 0
 51 10 0 30 151 68 5 14 151 34 0 5 29 11 5 100 40 2 0 0
 0 0 0 24 0 0 0 0 21 14 0 0 14 0 0 0 123 151 64 32
 151 4 0 0 8 36 66 151 24 0 0 0 0 0 0 12 0 0 0 0
 0 1 0 0 0 0 0 0 1 26 25 4 1 0 0 0 0 4 28 28
 0 0 0 0 0 0 0 2
400.484770 485.720798 19.974215 -1.808748
 0 0 0 1 0 0 0 0 0 2 24 26 1 0 0 0 1 24 28 5
 0 0 0 0 0 1 0 0 0 0 0 0 0 0 0 14 19 0 0 0
 10 26 60 140 123 0 0 0 140 140 67 39 10 0 0 2 23 10 0 0
 0 0 0 0 0 0 5 86 33 0 0 0 48 9 13 140 140 3 0 21
 140 28 4 13 29 2 0 93 42 1 0 0 0 0 0 7 0 0 6 140
 105 4 0 0 93 12 21 140 41 2 1 45 140 12 1 2 1 0 0 68
 19 0 0 0 0 0 0 3
353.898724 453.444900 12.386260 1.286847
 0 0 3 42 139 45 0 0 6 12 10 31 38 12 4 21 78 8 0 0
 0 0 8 116 102 6 0 0 0 0 0 64 3 1 0 78 139 31 0 1
 65 4 1 16 56 16 29 139 21 0 0 0 0 0 56 139 11 0 0 0
 0 0 4 65 18 6 1 84 139 4 0 1 139 35 1 16 19 0 1 44
 93 5 0 0 0 0 5 39 0 0 0 0 0 0 0 2 12 0 0 1
 139 64 9 14 139 4 0 0 12 10 8 101 67 1 0 0 0 0 0 18
 0 0 0 0 0 0 0 0
353.898724 453.444900 12.386260 0.420057
 6 44 18 2 10 9 0 0 141 124 9 0 0 0 0 4 83 25 0 0
 0 0 0 3 0 0 0 0 0 0 0 0 18 6 11 9 35 51 24 2
 141 39 4 0 0 3 4 31 117 30 2 0 0 0 0 13 0 1 0 0
 0 0 0 0 6 0 0 0 32 141 83 2 92 141 30 2 41 75 8 5
 27 141 51 0 0 0 0 0 8 58 2 0 0 0 0 0 0 0 0 0
 42 103 4 0 0 23 11 1 55 141 18 0 57 141 14 0 1 56 31 10
 88 94 0 0 0 0 1 8
399.643146 415.812132 10.389471 -1.637000
 0 0 9 68 135 0 0 0 34 0 0 32 135 5 3 54 135 0 0 0
 0 0 0 135 40 0 0 0 0 0 0 13 8 2 103 135 32 1 0 1
 115 4 8 42 37 2 4 135 83 0 0 0 0 0 0 135 9 0 0 0
 0 0 0 9 23 4 19 21 10 26 6 5 135 39 2 1 0 2 3 43
 114 14 0 0 0 0 0 23 1 0 0 0 0 0 0 0 16 0 1 0
 2 7 37 70 127 5 0 0 0 1 63 119 82 3 0 0 0 0 1 21
 1 0 0 0 0 0 0 0
399.643146 415.812132 10.389471 -2.239034
 29 30 0 1 85 73 0 0 135 135 0 0 0 3 0 3 59 28 0 0
 0 0 0 0 0 0 0 0 0 0 0 0 16 2 0 14 135 135 1 5
 135 42 0 2 15 16 1 39 114 26 0 0 0 0 0 9 0 1 0 0
 0 0 0 0 4 5 2 135 120 13 1 0 115 135 4 16 15 4 2 4
 64 135 0 0 0 0 0 0 6 20 0 0 0 0 0 0 0 0 0 52
 32 10 12 0 34 42 0 2 1 12 19 37 123 102 0 0 0 0 0 89
 34 18 0 0 0 0 0 12
301.207250 338.385367 10.247919 1.622107
 0 1 55 31 1 0 0 0 0 25 108 3 0 0 0 0 0 30 20 0
 0 0 0 0 0 1 0 0 0 0 0 0 0 2 103 150 74 0 0 0
 21 120 150 29 2 0 0 0 126 150 47 0 0 0 0 2 17 10 0 0
 0 0 0 0 0 1 43 150 61 0 1 1 126 27 49 20 5 0 1 32
 150 44 2 0 0 0 0 55 43 4 0 0 0 0 0 3 10 16 15 16
 4 1 4 6 125 3 0 0 0 0 3 56 150 2 0 0 0 0 0 57
 25 0 0 0 0 0 0 5
364.980343 347.435610 10.189468 -2.091149
 2 6 1 65 11 23 15 1 109 133 0 1 0 9 11 39 133 133 0 0
 0 0 0 25 14 10 0 0 0 0 0 0 17 3 2 10 14 13 7 6
 133 9 0 0 0 4 16 133 124 18 0 0 0 0 14 133 18 2 0 0
 0 0 0 12 24 1 0 3 36 44 16 33 133 39 0 0 0 0 9 97
 133 27 0 0 0 0 2 46 2 0 0 0 0 0 0 4 0 0 0 0
 14 82 131 68 48 2 0 0 0 0 83 133 43 2 0 0 0 0 4 57
 0 0 0 0 0 0 0 0
364.980343 347.435610 10.189468 -2.786660
 12 136 136 0 0 0 0 0 27 136 109 0 0 0 0 0 22 40 6 0
 0 0 0 0 1 1 0 0 0 0 0 0 34 57 48 1 3 1 26 19
 136 136 26 0 0 0 1 39 112 58 4 0 0 0 0 18 3 3 0 0
 0 0 0 0 12 12 2 3 9 11 14 8 119 136 8 0 1 0 0 8
 97 136 22 0 0 0 0 7 27 22 0 0 0 0 0 1 0 0 0 0
 5 95 80 1 67 26 0 0 1 27 40 57 136 41 0 0 0 0 2 121
 37 3 0 0 0 0 0 15
316.624904 415.739921 9.388567 0.545355
 2 141 52 6 2 0 0 0 7 141 85 0 0 0 0 0 28 132 10 0
 0 0 0 0 2 4 0 0 0 0 0 0 16 25 6 3 10 11 1 3
 78 141 24 1 0 0 0 1 141 141 1 0 0 0 0 5 27 7 0 0
 0 0 0 0 2 5 31 17 24 9 1 2 141 16 23 7 0 0 0 43
 141 10 0 0 0 0 0 101 29 0 0 0 0 0 0 7 2 1 11 5
 10 118 50 2 141 23 7 0 2 18 8 61 141 43 1 0 0 0 0 66
 6 6 0 0 0 0 0 3
343.667835 397.863888 7.448317 2.076258
 0 5 25 134 87 0 0 0 4 88 134 42 3 0 0 0 1 16 134 114
 2 0 0 0 0 22 23 57 0 0 0 0 5 1 6 134 124 0 0 0
 65 22 18 15 6 1 0 13 12 5 9 12 12 10 7 9 5 4 1 4
 1 3 25 20 5 0 5 51 25 29 75 11 53 24 0 0 1 21 51 7
 11 24 7 0 1 7 16 10 25 6 0 0 0 0 15 63 1 0 0 0
 0 45 134 60 2 2 0 0 0 120 134 2 2 6 2 0 0 33 134 33
 7 1 0 0 0 0 113 134
336.353920 325.703430 6.682467 -3.140469
 103 140 24 0 0 0 0 14 6 47 89 5 0 0 0 1 4 37 26 1
 0 0 0 0 1 2 0 0 0 0 0 0 11 140 121 0 0 0 0 2
 23 140 140 1 0 0 0 9 140 140 57 0 0 0 0 4 23 8 0 0
 0 0 0 0 29 12 15 0 3 1 0 20 101 62 19 0 0 0 0 65
 140 38 2 0 0 0 0 55 43 1 0 0 0 0 0 2 11 4 5 0
 3 28 68 8 82 43 10 0 0 5 31 90 140 14 0 0 0 0 1 100
 22 0 0 0 0 0 0 4
333.255644 380.247675 4.706271 -1.305744
 5 2 0 17 16 11 55 14 2 12 8 21 24 11 57 7 13 39 6 3
 10 65 47 7 0 1 0 0 90 140 5 0 6 46 53 35 17 1 1 2
 12 21 25 123 66 1 0 0 96 90 16 24 20 3 0 2 5 6 1 43
 140 21 0 0 0 64 84 20 8 22 10 0 35 21 29 51 41 5 2 10
 140 11 2 12 20 8 9 29 5 1 0 30 94 51 85 7 6 6 2 0
 2 93 43 6 45 9 2 0 4 39 12 43 81 1 0 0 0 3 63 140
 1 0 0 0 1 21 140 140
384.315227 364.584827 4.699642 2.679818
 0 0 2 4 0 0 0 0 0 1 29 14 0 0 0 0 0 14 22 1
 0 0 0 0 0 2 0 0 0 0 0 0 0 0 94 116 0 0 0 0
 10 29 130 130 0 0 0 0 96 130 92 8 0 0 0 3 23 16 0 0
 0 0 0 0 0 7 130 130 0 0 0 0 75 63 108 81 0 0 0 9
 130 130 23 1 0 0 0 18 30 63 35 1 0 0 0 0 1 15 35 43
 0 0 0 3 23 105 9 0 0 0 0 6 23 130 42 0 0 0 0 1
 0 105 130 6 0 0 0 0
384.315227 364.584827 4.699642 -1.653425
 1 0 0 0 17 15 23 18 131 13 0 0 0 0 17 54 150 35 0 0
 0 0 0 6 41 3 0 0 0 0 0 0 0 0 0 0 2 9 110 102
 74 3 0 0 0 68 137 64 150 33 0 0 0 7 15 50 60 6 0 0
 0 0 0 3 11 0 0 0 0 5 94 150 7 0 0 0 0 124 150 67
 92 1 0 0 0 17 94 150 25 0 0 0 0 0 0 17 54 2 0 0
 0 0 6 79 0 0 0 0 0 10 32 8 0 0 0 0 0 1 24 16
 0 0 0 0 0 0 0 2
290.443649 367.046976 3.802728 1.772368
 3 18 16 3 8 3 1 1 42 2 0 0 2 4 9 149 152 4 0 0
 0 0 0 152 78 12 0 0 0 0 0 12 32 17 6 0 0 12 22 17
 152 9 0 0 0 0 2 152 89 8 0 0 0 11 14 138 59 23 0 0
 0 0 1 13 28 2 0 0 4 28 20 8 152 59 0 0 0 2 2 23
 140 15 0 0 0 7 24 39 14 0 0 0 0 0 7 42 13 0 2 8
 12 6 0 2 152 11 0 0 2 1 0 27 152 3 0 0 0 0 4 24
 1 0 0 0 0 0 2 7
372.790563 360.608757 3.713351 2.506806
 0 8 101 115 0 0 0 0 36 118 103 12 0 0 0 0 22 32 1 0
 0 0 0 0 0 0 0 0 0 0 0 0 28 13 71 133 0 0 0 12
 133 109 40 10 0 0 0 32 92 59 19 0 0 0 0 2 0 5 15 3
 0 0 0 0 25 61 29 17 0 0 0 10 94 133 70 0 0 0 0 13
 12 133 133 0 0 0 0 0 0 42 133 30 0 0 0 0 5 46 19 0
 0 0 0 4 10 95 28 0 0 0 0 4 4 89 86 3 0 0 0 0
 0 16 133 37 0 0 0 0
372.790563 360.608757 3.713351 -2.676341
 46 47 12 0 0 0 1 7 11 123 82 0 0 2 29 20 96 135 45 0
 0 0 13 44 54 37 0 0 0 0 0 8 114 0 0 0 0 0 3 29
 123 4 0 0 0 1 92 135 72 10 0 0 0 0 106 135 40 2 0 0
 0 0 2 52 97 2 0 0 0 1 6 34 135 32 0 0 0 0 3 36
 112 11 0 0 0 0 13 46 1 0 0 0 0 0 1 7 32 24 9 0
 0 0 3 10 135 121 0 0 0 0 0 1 83 111 2 0 0 0 0 0
 0 8 6 2 0 0 0 0
315.777746 315.285449 3.575571 3.119181
 18 13 9 3 8 23 53 29 155 47 4 1 1 8 30 31 142 9 0 0
 0 0 0 4 0 0 0 0 0 0 0 0 32 55 59 0 0 13 46 27
 155 35 16 0 0 13 36 96 135 4 0 0 0 0 0 26 0 0 0 0
 0 0 0 0 51 63 51 3 0 0 0 8 155 125 6 0 0 0 0 39
 123 20 0 0 0 0 0 12 0 0 0 0 0 0 0 0 29 10 5 3
 0 0 17 146 155 13 0 0 0 0 4 155 50 0 0 0 0 0 0 34
 0 0 0 0 0 0 0 0
330.282097 323.135667 3.494254 -3.111474
 1 103 147 0 0 0 0 2 13 106 147 47 3 0 0 1 147 146 28 14
 0 0 0 1 29 13 0 0 0 0 0 0 7 15 13 0 1 3 24 45
 60 47 40 8 11 21 36 20 147 49 8 1 0 1 6 21 73 3 0 0
 0 0 0 3 41 12 10 0 0 3 12 48 44 33 26 1 4 39 102 46
 147 11 2 0 0 11 28 102 59 0 0 0 0 0 0 9 13 20 56 6
 0 0 0 6 83 82 47 0 0 1 0 7 147 40 2 0 0 0 0 36
 26 1 0 0 0 0 0 4
373.070289 361.135148 3.376072 2.347316
 0 8 99 108 4 0 0 0 33 121 102 15 0 0 0 0 17 26 0 0
 0 0 0 0 0 0 0 0 0 0 0 0 21 12 60 136 34 0 3 13
 136 118 48 14 0 0 0 32 89 51 34 0 0 0 0 1 0 6 23 2
 0 0 0 0 21 26 21 41 6 0 7 26 116 136 94 0 0 0 1 27
 15 136 136 0 0 0 0 0 0 50 136 21 0 0 0 0 1 36 45 0
 0 0 0 0 3 69 64 0 0 0 0 0 3 76 73 1 0 0 0 0
 0 20 98 20 1 0 0 0
373.070289 361.135148 3.376072 -2.652009
 50 24 4 0 0 2 3 10 7 102 79 1 4 21 29 9 82 141 61 0
 0 1 18 36 69 61 0 0 0 0 0 11 117 0 0 0 0 1 2 22
 110 3 0 0 0 15 139 122 65 15 0 0 0 1 141 141 56 5 0 0
 0 0 7 78 101 2 0 0 0 0 2 33 141 31 0 0 0 0 9 40
 96 6 0 0 0 0 33 46 0 0 0 0 0 0 2 10 37 15 5 0
 0 0 3 20 141 65 0 0 0 0 0 2 95 43 0 0 0 0 0 0
 0 1 0 0 0 0 0 0
294.671506 378.102141 3.284983 1.879290
 0 6 2 0 0 45 28 0 55 21 5 0 0 8 20 43 173 4 0 0
 1 1 4 173 26 7 0 1 15 11 10 86 0 0 0 0 5 37 19 1
 120 14 0 0 14 24 15 22 173 39 0 0 4 5 1 54 34 1 0 0
 18 26 15 31 0 0 2 8 17 6 3 0 114 3 0 5 31 10 0 18
 173 9 0 0 0 1 1 58 48 0 0 0 0 7 21 22 0 2 24 18
 2 0 0 2 98 0 4 13 5 0 0 103 173 0 0 0 0 0 0 149
 25 0 0 0 0 0 0 8
383.090152 413.704291 3.080726 -1.564079
 0 10 13 5 18 29 1 0 10 0 2 8 5 17 18 44 66 0 0 0
 0 0 13 175 9 0 0 0 0 0 53 175 4 48 15 0 1 3 1 0
 91 36 2 0 0 5 14 31 175 4 0 0 0 0 1 126 70 0 0 0
 0 0 3 47 15 17 0 0 0 1 0 1 156 29 0 0 0 0 0 0
 175 27 0 0 0 0 0 6 85 4 0 0 0 0 0 1 6 5 0 0
 3 1 0 1 101 26 0 0 0 0 0 0 175 93 0 0 0 0 0 0
 75 24 0 0 0 0 0 0
302.574362 324.444280 3.054335 2.516581
 19 23 44 21 0 1 18 29 68 144 24 4 0 0 1 1 22 139 5 0
 0 0 0 0 3 5 0 0 0 0 0 0 4 21 63 50 0 0 0 0
 45 144 54 5 1 0 0 0 144 144 8 0 0 0 0 2 35 12 0 0
 0 0 0 0 11 31 11 21 6 1 0 0 126 28 10 10 4 0 0 40
 144 18 0 0 0 0 0 92 45 1 0 0 0 0 0 7 8 8 1 2
 6 5 4 10 141 7 2 0 0 0 0 144 144 0 0 0 0 0 0 140
 12 0 0 0 0 0 0 7
382.293800 495.573090 2.906917 1.132534
 12 1 0 3 8 0 0 0 168 31 0 0 0 0 0 0 168 50 0 0
 0 0 0 0 24 4 0 0 0 0 0 0 14 0 0 1 11 0 0 2
 168 19 0 0 0 0 0 4 168 47 0 0 0 0 0 3 47 4 0 0
 0 0 0 0 17 0 0 1 6 0 0 3 168 1 0 0 0 0 0 34
 168 4 0 0 0 0 0 57 49 0 0 0 0 0 0 4 13 0 0 0
 3 0 0 9 168 0 0 0 0 0 0 83 168 0 0 0 0 0 0 96
 21 0 0 0 0 0 0 5
332.652267 314.956455 2.716374 -3.104766
 9 79 102 68 12 0 0 0 156 156 16 27 3 0 0 3 65 36 0 0
 0 0 0 0 0 0 0 0 0 0 0 0 44 40 38 28 11 4 6 9
 156 57 7 4 0 0 0 44 149 10 0 0 0 0 0 16 0 0 0 0
 0 0 0 0 32 14 3 12 17 65 126 24 156 41 0 0 1 22 27 59
 148 5 0 0 0 0 0 11 0 0 0 0 0 0 0 0 26 41 55 5
 6 25 28 17 156 5 6 2 5 17 10 115 65 0 0 0 0 0 0 22
 0 0 0 0 0 0 0 0
421.968939 513.274099 2.664911 -1.381494
 2 19 82 57 0 0 0 0 103 150 28 1 0 0 0 0 97 140 0 0
 0 0 0 0 9 4 0 0 0 0 0 0 6 3 7 11 0 0 0 7
 150 92 2 0 0 0 0 6 150 131 0 0 0 0 0 6 35 5 0 0
 0 0 0 1 6 3 7 6 1 0 0 6 150 13 4 0 0 0 0 40
 150 8 0 0 0 0 0 84 35 0 0 0 0 0 0 8 12 0 0 10
 2 0 0 8 150 0 0 0 0 0 0 79 150 0 0 0 0 0 0 90
 12 0 0 0 0 0 0 4
304.507829 332.786868 2.525143 3.043458
 14 5 25 12 0 1 2 16 10 16 103 18 0 0 0 5 33 58 102 2
 0 0 0 1 149 72 9 1 0 0 0 9 3 3 30 51 9 0 0 0
 53 13 33 19 2 0 2 14 35 43 13 18 4 1 8 16 149 128 4 2
 0 0 0 39 7 2 6 12 18 9 0 2 63 20 9 9 4 4 1 13
 22 8 12 41 2 0 7 149 149 6 1 2 0 0 0 149 1 1 5 8
 3 24 49 17 6 5 2 1 0 0 66 149 2 0 1 0 0 0 45 149
 15 0 0 0 0 0 4 149
342.690183 365.143468 2.432856 -0.903186
 33 26 1 7 27 2 0 0 26 0 0 11 93 15 2 24 99 0 0 2
 4 2 4 128 10 1 7 28 4 0 6 45 59 32 1 4 19 9 2 2
 65 5 0 5 62 41 15 15 128 22 0 8 13 6 5 37 7 1 5 68
 47 20 0 2 113 11 0 2 13 8 8 19 44 1 0 0 3 46 128 50
 97 3 0 0 4 16 84 96 10 0 0 2 23 128 31 16 85 5 0 1
 6 2 23 74 96 3 0 0 0 2 110 128 7 0 0 0 0 21 128 74
 5 0 0 0 0 73 128 10
366.246463 427.595264 2.427303 2.231619
 8 26 74 31 0 1 2 0 35 45 9 1 30 15 0 1 0 0 0 6
 70 24 0 0 2 0 0 2 5 4 2 1 15 4 1 1 4 18 38 14
 138 12 0 0 10 28 9 19 12 0 0 0 61 124 7 5 0 0 0 0
 12 24 10 2 5 0 4 17 13 11 82 19 114 7 0 3 13 12 66 50
 20 2 0 3 125 48 7 6 0 0 0 1 41 30 1 0 0 0 0 0
 0 16 151 111 4 0 0 0 2 113 151 31 0 0 0 0 26 151 151 3
 0 0 0 0 6 147 104 0
303.767755 340.368262 2.229017 3.070193
 11 12 14 22 2 4 2 7 14 13 81 74 4 1 1 11 15 13 138 51
 0 0 4 9 30 42 82 3 0 0 15 10 6 20 43 53 8 1 0 0
 20 15 27 91 61 6 0 1 150 19 17 19 5 1 6 36 26 13 9 60
 11 4 24 24 13 12 8 20 32 13 3 9 25 9 15 19 48 43 4 11
 114 33 27 20 5 10 7 23 10 7 22 91 4 0 20 150 3 9 4 12
 14 145 95 2 10 10 23 26 15 32 84 50 10 10 10 2 0 1 115 150
 1 0 2 2 0 0 88 150
378.977711 442.106088 2.213517 1.066952
 1 1 2 23 63 1 1 1 40 6 4 0 1 2 13 32 24 14 13 1
 20 29 22 21 159 17 5 0 3 4 1 159 7 3 2 14 48 1 0 0
 119 7 1 1 4 0 0 14 91 6 0 14 57 4 1 21 159 35 0 0
 5 0 0 159 6 0 0 5 30 4 5 7 105 15 0 5 7 0 2 12
 59 36 3 34 55 2 0 1 159 159 1 2 1 0 0 1 1 2 4 4
 7 3 3 6 48 14 1 2 3 1 1 5 22 10 0 6 44 21 1 1
 117 159 0 1 4 3 0 0
361.043532 355.881435 2.179569 -2.592866
 72 5 0 0 0 0 0 27 164 46 0 0 0 0 1 21 121 8 0 0
 0 0 19 16 0 0 0 0 0 0 11 7 48 4 1 6 6 0 0 44
 164 27 0 2 3 0 0 41 164 4 0 0 0 0 0 14 2 0 0 0
 0 0 0 0 44 15 20 10 3 0 0 16 164 71 0 2 1 0 0 20
 153 55 0 0 0 0 0 2 2 2 0 0 0 0 0 0 56 17 8 1
 0 0 0 4 127 164 17 3 0 0 0 1 112 164 2 0 0 0 0 0
 6 20 2 0 0 0 0 0
420.400486 525.776704 2.141747 -0.867146
 1 105 166 0 0 0 0 0 51 166 61 0 0 0 0 0 25 37 0 0
 0 0 0 0 1 3 0 0 0 0 0 0 34 42 40 0 0 0 0 0
 166 126 8 0 0 0 0 4 139 26 0 0 0 0 0 0 3 5 0 0
 0 0 0 0 47 5 2 0 0 0 4 27 166 1 0 0 0 0 0 44
 154 3 0 0 0 0 0 11 6 1 0 0 0 0 0 2 46 5 1 0
 0 0 1 55 166 0 0 0 0 0 0 150 64 0 0 0 0 0 0 34
 2 0 0 0 0 0 0 3
317.537245 340.096182 2.108890 2.531019
 24 5 5 4 0 0 5 55 126 79 8 3 0 5 7 18 118 62 69 20
 0 8 25 84 17 28 126 126 10 21 21 18 14 6 8 29 26 7 7 10
 126 47 17 21 5 2 2 24 70 34 100 126 10 0 0 2 3 19 126 126
 0 0 1 7 32 17 0 2 12 16 24 10 87 26 19 44 12 8 20 22
 14 20 34 126 46 0 0 0 56 40 20 52 2 0 4 29 45 35 9 4
 3 0 1 1 2 10 19 63 38 1 1 0 2 13 14 60 109 18 0 0
 57 100 8 7 12 8 2 1
317.537245 340.096182 2.108890 -1.385458
 48 43 10 0 0 1 10 22 48 31 2 3 2 8 16 18 1 8 14 24
 11 37 18 1 3 10 4 2 3 64 36 0 65 104 17 0 0 11 31 13
 130 46 1 2 4 36 23 34 16 12 12 21 39 130 21 10 33 20 5 6
 14 19 7 12 50 4 0 2 21 69 62 20 130 19 0 0 1 14 12 69
 50 2 0 0 12 130 74 46 7 0 0 1 20 122 67 13 23 6 2 9
 36 16 55 37 130 0 0 0 1 1 17 130 49 0 2 17 73 91 65 117
 0 30 57 54 91 90 19 0
341.627658 430.523740 2.017166 0.176305
 0 4 8 6 2 0 0 0 134 29 3 0 0 0 0 0 187 17 0 0
 0 0 0 3 41 1 0 0 0 0 0 2 2 7 8 7 2 0 0 0
 187 21 1 0 0 0 0 2 187 16 0 0 0 0 0 5 54 1 0 0
 0 0 0 1 5 2 0 1 7 2 0 3 187 6 0 0 0 0 0 15
 187 14 0 0 0 0 0 10 54 3 0 0 0 0 0 0 7 0 0 0
 1 0 1 6 117 12 0 0 0 0 0 18 187 80 0 0 0 0 0 1
 45 16 0 0 0 0 0 0
389.077269 412.628444 2.010475 -1.596982
 13 7 3 0 0 7 33 40 170 11 0 0 0 0 3 144 113 1 0 0
 0 0 3 87 3 0 0 0 0 0 2 10 40 27 25 0 0 0 2 5
 170 26 1 0 0 0 0 22 170 3 0 0 0 0 0 8 7 0 0 0
 0 0 0 0 60 10 1 0 0 0 0 10 170 35 0 0 0 0 0 7
 170 16 0 0 0 0 0 1 8 1 0 0 0 0 0 0 41 18 0 0
 0 0 0 0 170 61 0 0 0 0 0 0 161 33 0 0 0 0 0 0
 8 0 0 0 0 0 0 0
284.919467 343.295513 1.938769 1.729987
 72 60 2 4 2 0 0 0 158 148 0 0 0 0 0 0 70 27 0 0
 0 0 0 0 2 1 0 0 0 0 0 0 74 34 5 5 7 4 2 7
 158 50 0 0 0 0 0 17 149 6 0 0 0 0 0 8 4 1 0 0
 0 0 0 0 48 2 1 2 4 7 7 120 158 7 0 0 0 0 2 158
 134 12 0 0 0 0 0 6 3 0 0 0 0 0 0 0 29 0 0 0
 0 0 4 158 59 10 0 0 3 4 18 141 73 37 0 0 0 0 0 2
 4 2 0 0 0 0 0 0
293.886976 351.714895 1.897237 1.016800
 3 12 10 6 7 10 3 4 61 144 18 2 2 4 5 6 159 159 2 0
 0 0 0 6 18 107 17 0 0 0 0 3 4 1 6 5 4 15 7 13
 103 13 1 6 7 11 11 10 159 25 0 0 0 0 1 29 69 32 13 1
 7 16 8 18 2 1 6 6 4 7 11 17 66 7 1 3 3 4 32 32
 159 99 0 0 0 0 2 20 98 25 0 0 5 20 5 11 2 0 2 3
 1 6 10 16 8 6 17 13 0 0 8 13 159 142 8 5 0 0 0 0
 138 86 0 0 0 5 6 6
355.545831 434.762508 1.896547 0.386692
 5 0 0 0 1 0 1 9 114 0 0 0 0 0 1 51 185 0 0 0
 0 0 0 87 62 0 0 0 0 0 0 15 6 0 0 0 0 0 29 31
 157 1 0 0 0 0 12 59 185 21 0 0 0 0 0 18 75 5 0 0
 0 0 0 2 1 0 5 4 0 0 59 37 90 14 7 2 0 0 34 62
 185 28 0 0 0 0 0 24 93 6 0 0 0 0 0 1 1 2 54 40
 0 0 5 5 71 87 38 11 0 0 2 5 185 66 0 0 0 0 0 4
 84 6 0 0 0 0 0 0
348.489629 348.695865 1.851926 -1.998549
 22 5 1 0 0 0 3 48 38 8 3 0 0 0 0 42 157 3 0 0
 0 0 0 128 95 0 0 0 0 0 0 96 11 48 36 0 0 0 0 6
 60 67 47 0 0 0 0 6 157 32 1 0 0 0 0 40 131 0 0 0
 0 0 0 24 22 27 18 0 0 4 3 4 123 31 7 0 0 0 0 15
 157 102 0 0 0 0 0 16 115 48 0 0 0 0 0 5 11 1 0 0
 1 18 12 6 71 29 0 0 0 0 0 2 157 100 0 0 0 0 0 0
 148 60 0 0 0 0 0 0
390.835380 373.600920 1.831867 -1.615461
 12 0 0 1 23 6 7 20 157 2 0 1 10 1 0 25 157 0 0 0
 0 0 0 11 4 0 0 0 0 0 0 0 24 0 0 18 49 3 3 16
 157 10 0 2 9 0 0 82 157 6 0 0 0 0 0 22 5 0 0 0
 0 0 0 0 28 13 2 43 30 2 0 3 157 146 0 1 0 0 0 11
 157 104 0 0 0 0 0 1 8 3 0 0 0 0 0 0 13 2 0 4
 21 28 3 10 157 45 0 0 0 0 0 70 157 51 0 0 0 0 0 41
 16 2 0 0 0 0 0 0
361.278807 356.683857 1.749895 -2.648174
 65 16 3 2 0 0 0 20 171 95 3 1 0 0 0 4 95 13 0 0
 0 0 0 2 1 0 0 0 0 0 1 1 48 6 3 16 28 1 1 29
 171 31 3 6 9 0 0 39 153 5 0 0 0 0 0 8 3 0 0 0
 0 0 0 0 49 3 9 33 24 0 2 24 171 68 0 2 3 0 0 26
 138 41 0 0 0 0 0 2 2 2 0 0 0 0 0 0 37 18 6 2
 0 0 1 12 171 142 2 0 0 0 0 5 109 158 0 0 0 0 0 0
 6 11 0 0 0 0 0 0
336.564890 374.086839 1.670382 -1.291214
 0 0 5 84 93 10 0 0 18 12 18 63 36 2 0 7 79 17 3 2
 0 0 3 134 92 17 2 1 0 1 4 77 0 0 6 49 85 81 4 2
 70 31 5 18 36 85 3 7 135 29 0 0 0 1 2 98 52 0 1 6
 17 8 9 65 0 1 1 6 50 69 5 2 42 8 1 6 85 115 7 9
 135 95 0 1 5 6 3 39 50 33 0 14 51 12 1 18 4 17 10 7
 31 25 0 0 6 6 1 6 76 82 3 0 85 135 1 1 8 25 8 4
 69 135 0 0 17 27 1 2
344.932252 322.113637 1.653883 -2.619205
 35 143 4 1 0 0 0 0 12 37 9 101 72 0 0 0 143 22 12 52
 25 0 0 16 56 1 0 0 0 0 0 10 84 142 22 7 0 0 0 0
 45 62 57 143 45 0 0 0 143 28 8 43 11 0 0 21 56 0 0 0
 0 0 0 9 21 45 45 12 5 1 4 6 57 23 41 51 24 9 12 38
 143 13 1 4 3 2 5 52 54 0 0 0 0 0 0 5 39 11 21 11
 4 1 1 24 48 3 1 0 0 0 21 141 135 0 0 0 0 0 6 143
 20 0 0 0 0 0 0 9
323.588375 320.393545 1.624510 2.912930
 6 21 9 34 14 2 19 9 87 135 3 0 0 1 8 4 139 139 0 0
 0 0 0 0 19 11 0 0 0 0 0 0 11 6 0 3 7 52 139 96
 77 21 0 0 4 139 79 13 139 59 0 0 0 8 2 10 66 7 0 0
 0 0 0 0 19 61 54 4 1 20 19 29 29 19 69 36 52 136 15 10
 139 3 1 5 12 19 3 39 70 2 0 0 0 0 0 2 0 10 79 15
 0 0 0 0 40 14 59 30 3 0 0 12 139 47 2 3 1 0 0 20
 39 30 0 0 0 0 0 0
331.566072 355.363138 1.558466 2.636128
 13 50 44 45 21 0 0 0 0 0 5 83 129 2 0 0 35 9 9 17
 48 6 6 90 46 5 0 0 0 1 14 129 32 23 11 29 26 1 0 7
 16 2 3 90 129 0 0 2 129 12 1 16 20 0 1 121 65 14 0 1
 2 10 28 100 22 0 1 11 46 28 4 15 28 7 0 37 129 14 0 1
 129 62 0 4 16 0 0 8 122 33 1 7 11 1 0 3 10 0 0 25
 69 9 2 15 13 4 0 54 129 5 0 0 129 69 0 3 11 0 0 0
 103 59 1 1 3 1 1 1
329.070387 328.906660 1.539886 1.716114
 0 32 77 24 14 10 6 0 9 12 123 80 10 4 0 4 31 39 103 5
 0 0 24 117 8 60 54 2 8 12 94 101 19 9 4 7 21 65 20 8
 72 4 5 10 40 123 18 19 123 52 15 6 0 4 28 123 18 15 26 111
 44 12 63 83 55 69 1 0 0 18 4 2 29 46 2 0 3 119 80 22
 123 69 21 5 0 12 43 54 11 25 32 74 24 0 0 0 31 44 0 0
 0 0 0 1 15 80 22 1 0 1 5 1 7 76 52 2 0 0 4 4
 1 33 16 27 20 0 0 0
325.324062 326.320279 1.520025 1.709455
 0 14 124 61 0 0 0 0 5 38 124 16 0 0 3 15 6 117 124 0
 0 2 33 44 2 124 104 0 2 6 12 5 18 4 29 28 26 36 2 3
 124 22 19 3 1 1 21 124 23 11 11 44 23 16 124 124 1 28 20 43
 85 31 29 7 22 7 0 0 11 115 36 10 124 57 12 1 0 18 32 64
 39 39 50 99 22 0 3 17 0 0 1 69 84 5 0 0 7 55 5 0
 0 13 16 2 24 39 21 0 0 5 21 21 8 26 16 27 12 0 0 0
 0 0 0 42 57 0 0 0
325.324062 326.320279 1.520025 0.830121
 0 0 59 133 4 0 0 0 60 8 104 133 0 2 10 50 17 1 30 32
 29 89 38 39 0 0 10 17 31 48 6 0 13 9 21 133 36 0 0 0
 133 68 19 29 4 2 3 69 63 19 15 25 128 68 10 35 0 0 0 2
 57 88 4 0 6 15 7 63 63 13 12 0 92 133 47 5 1 4 19 13
 33 133 98 38 26 1 1 10 0 4 20 17 33 21 0 0 3 5 3 5
 7 15 60 13 11 23 13 0 0 5 109 55 27 28 30 17 0 0 13 46
 1 3 49 43 3 0 0 0
388.539737 412.726921 1.518843 -1.606863
 20 20 21 0 0 0 13 21 174 43 2 0 0 0 0 25 151 9 0 0
 0 0 0 7 8 1 0 0 0 0 0 1 65 19 22 1 0 0 1 5
 174 19 1 0 0 0 0 42 174 6 0 0 0 0 0 15 11 2 0 0
 0 0 0 0 68 6 0 0 0 0 6 12 174 44 0 0 0 0 0 7
 174 22 0 0 0 0 0 3 12 2 0 0 0 0 0 1 38 22 2 0
 0 0 0 3 174 65 0 0 0 0 0 1 172 32 0 0 0 0 0 0
 10 2 0 0 0 0 0 0
303.271248 349.689479 1.514039 -2.861009
 42 4 8 11 20 18 9 53 67 21 45 25 9 6 0 18 43 31 79 103
 4 0 0 4 24 34 52 78 2 0 0 2 22 3 4 30 69 23 6 21
 12 16 94 95 76 11 1 2 110 33 86 72 8 1 1 22 26 14 21 129
 47 0 0 5 2 4 40 84 67 26 7 6 18 13 17 62 99 30 27 17
 81 13 6 15 44 14 26 68 18 3 3 71 129 29 2 16 2 3 20 59
 96 129 61 0 81 40 22 44 19 45 11 10 23 43 75 53 25 5 3 11
 15 27 27 7 75 47 7 22
303.271248 349.689479 1.514039 -0.949942
 13 21 121 121 7 17 34 7 101 103 73 39 0 1 11 14 21 48 70 10
 13 18 4 6 3 16 14 5 16 108 23 1 45 39 1 4 9 27 61 33
 26 47 47 25 41 31 32 11 82 103 79 4 1 3 7 18 29 31 34 7
 5 27 17 16 31 37 100 6 7 13 8 58 10 53 37 7 28 88 61 7
 121 23 1 1 1 47 63 39 88 20 0 0 0 52 57 25 1 37 81 12
 18 92 13 0 52 121 34 0 0 16 14 4 85 79 0 0 0 20 55 27
 63 39 0 0 1 7 31 17
278.842008 356.943024 1.502301 2.169108
 12 0 0 13 30 14 69 115 130 2 1 21 64 32 17 60 132 0 0 0
 0 0 0 42 2 0 0 0 0 0 0 2 19 3 5 132 76 3 2 38
 132 32 16 105 38 0 0 18 132 8 0 0 0 0 0 13 2 1 0 0
 0 0 0 0 8 1 1 103 132 17 36 36 132 24 2 23 19 10 46 94
 132 37 0 0 0 0 0 2 7 3 0 0 0 0 0 0 25 0 0 21
 33 13 33 81 67 5 0 0 21 51 45 51 132 10 0 0 0 1 1 11
 9 0 0 0 0 0 0 1
362.156528 361.280243 1.481278 -2.677808
 44 2 0 0 0 0 0 22 146 32 1 0 0 0 0 18 182 88 0 0
 0 0 0 4 48 8 0 0 0 0 1 2 68 1 0 0 0 0 0 27
 82 43 12 14 16 1 0 13 182 98 4 2 0 0 0 6 102 9 0 0
 0 0 0 1 41 0 0 7 8 0 0 60 99 3 0 28 53 1 1 23
 182 20 0 1 2 0 0 34 106 8 0 0 0 0 0 3 13 7 27 19
 6 0 0 18 72 5 3 21 16 0 3 22 182 91 0 0 0 0 0 7
 84 45 0 0 0 0 0 0
375.714185 425.976564 1.450909 2.532848
 0 20 128 3 0 1 0 0 15 129 118 12 1 0 0 0 63 116 25 4
 29 19 0 1 2 0 0 2 71 41 1 0 2 7 8 4 5 13 6 2
 69 37 14 19 31 8 1 2 129 78 2 4 28 3 0 8 12 3 1 32
 129 5 0 0 0 1 0 1 9 46 79 14 68 1 0 3 39 65 12 34
 129 9 0 1 22 12 4 98 11 1 1 20 129 44 2 7 0 2 11 23
 40 26 37 5 86 0 0 19 75 26 3 33 129 0 0 1 10 21 8 102
 3 0 0 2 114 100 4 7
342.035502 371.563823 1.409073 -1.001597
 9 3 0 0 66 60 1 3 129 10 0 0 5 10 4 86 82 0 0 0
 1 1 22 119 7 1 5 7 21 9 18 18 16 4 6 34 72 32 2 8
 129 23 3 2 4 8 7 129 70 8 2 22 21 5 19 77 3 5 12 59
 34 2 1 4 17 5 3 17 69 48 9 5 129 129 4 3 4 6 6 14
 120 78 1 13 69 27 3 8 0 1 7 39 81 16 0 0 0 0 0 2
 31 77 25 0 114 59 1 1 4 17 59 25 129 107 0 0 39 31 6 10
 3 4 0 1 44 92 10 0
348.810697 348.105196 1.356566 -2.109677
 5 7 19 3 0 2 15 12 62 33 18 0 0 0 1 23 163 27 1 0
 0 0 0 37 56 5 0 0 0 0 0 8 1 18 81 12 0 0 2 1
 96 75 63 4 0 0 4 6 163 46 1 0 0 0 0 15 69 4 0 0
 0 0 0 8 23 26 13 2 0 0 12 10 107 36 7 0 0 0 31 35
 163 163 0 0 0 0 0 23 53 84 0 0 0 0 0 4 29 21 0 0
 0 0 0 8 41 45 0 0 0 0 0 1 131 163 0 0 0 0 0 0
 122 134 0 0 0 0 0 0
343.422049 366.422792 1.340907 -0.714204
 0 1 3 30 70 12 0 0 63 8 14 31 36 13 6 33 138 12 0 1
 2 2 9 138 9 1 5 20 6 3 19 43 0 0 0 20 81 48 4 0
 93 27 3 15 34 31 12 17 138 65 1 3 14 3 2 44 18 4 4 48
 69 4 1 7 1 0 0 2 40 97 42 2 51 2 0 1 10 73 120 25
 138 27 0 2 27 7 25 49 26 5 0 16 117 37 0 3 15 0 0 0
 9 69 99 12 3 0 0 0 7 67 133 7 138 25 0 0 7 37 37 39
 41 6 0 0 34 97 10 17
377.820957 487.839366 1.306111 1.189552
 9 5 2 4 2 1 3 6 108 20 3 4 2 1 2 4 203 48 0 0
 0 0 0 1 46 8 0 0 0 0 0 1 9 11 3 2 1 1 1 2
 140 7 4 3 0 2 2 8 203 8 0 0 0 0 0 11 75 4 0 0
 0 0 0 3 4 5 1 0 2 6 6 2 152 8 2 0 1 3 1 17
 203 33 0 0 0 0 0 24 74 6 0 0 0 0 0 3 10 6 1 2
 2 1 1 4 87 17 0 2 3 1 0 7 203 89 0 0 0 0 0 7
 76 18 0 0 0 0 0 3
338.679066 323.811759 1.297344 -1.250473
 45 65 3 7 22 2 1 5 35 70 8 8 39 5 0 0 4 1 2 3
 33 18 26 26 3 0 0 0 0 1 48 97 22 7 0 2 2 10 72 41
 36 35 20 16 4 23 32 15 110 24 12 8 2 3 12 47 58 36 8 0
 0 0 26 123 0 0 0 0 2 53 123 60 3 0 0 3 23 118 87 12
 52 15 30 36 19 23 38 28 34 123 111 19 2 1 25 28 0 0 0 0
 2 123 86 1 0 0 0 1 21 123 123 1 0 0 2 15 21 34 123 40
 2 9 8 5 2 3 123 107
338.679066 323.811759 1.297344 3.030963
 0 116 90 10 5 0 0 0 0 20 48 76 121 28 1 0 50 121 6 7
 45 39 22 9 87 121 0 0 0 0 1 3 7 110 48 7 0 0 0 3
 4 21 91 89 15 14 2 0 67 33 26 12 5 20 31 25 121 84 0 0
 0 0 10 31 9 10 4 8 5 4 23 45 11 9 17 49 22 31 12 7
 121 52 9 4 1 3 5 29 121 22 2 0 0 0 4 62 2 0 0 65
 33 2 12 29 2 10 20 96 17 1 2 1 52 121 15 5 0 0 0 1
 121 121 6 0 0 0 0 3
338.531908 349.983111 1.293162 -0.509731
 4 19 36 86 23 6 2 3 2 0 4 119 119 10 1 1 86 2 0 13
 31 5 3 58 67 8 0 0 0 2 10 34 0 3 17 119 59 5 0 0
 17 6 18 119 62 17 7 5 119 21 6 9 3 1 3 58 83 5 0 0
 0 7 24 90 1 2 4 40 40 37 13 2 6 1 1 8 20 77 110 46
 104 11 0 0 4 10 68 118 119 9 0 0 0 4 16 85 2 1 0 3
 3 3 47 50 1 0 0 0 4 13 112 94 36 8 0 0 72 43 48 45
 119 26 0 0 5 1 1 48
295.115011 360.559380 1.280240 1.316186
 1 0 0 0 4 21 27 10 115 13 0 0 2 13 21 58 172 27 0 0
 4 13 7 103 45 30 0 0 9 24 4 7 4 8 9 3 9 14 2 8
 131 33 3 12 13 15 1 3 172 69 0 0 2 16 1 11 47 15 0 0
 7 67 5 5 0 10 55 14 1 0 0 0 163 9 20 30 5 0 0 14
 172 9 0 0 0 1 0 46 45 1 0 0 6 45 2 6 3 5 19 3
 0 0 1 9 126 22 5 1 0 0 1 20 172 135 0 0 0 0 0 5
 35 37 0 0 1 8 1 1
296.006976 369.375747 1.271631 1.852865
 4 6 2 0 0 1 20 7 22 10 9 0 0 0 12 39 123 1 3 0
 0 0 0 168 59 0 0 0 7 3 0 168 0 0 0 0 0 3 32 17
 93 0 0 0 0 0 25 57 168 7 0 0 0 0 0 154 55 1 0 0
 12 3 1 45 0 1 2 7 2 3 4 8 102 27 3 1 0 0 1 8
 168 91 0 0 0 0 0 4 78 15 0 0 8 4 0 1 0 1 5 10
 16 2 0 0 37 37 15 2 1 0 0 0 168 120 0 0 0 0 0 0
 99 28 0 0 1 1 0 0
346.543855 368.223013 1.269967 -0.707950
 38 7 6 16 35 19 7 16 141 38 1 1 0 0 3 91 38 9 6 29
 24 5 11 32 0 5 15 61 7 0 1 2 31 10 1 10 27 45 19 8
 141 48 1 1 5 4 8 49 77 7 1 33 126 9 2 20 0 3 13 63
 48 1 0 0 7 0 0 0 4 67 140 12 141 29 0 0 7 14 56 50
 94 20 0 9 121 66 1 3 0 0 1 11 77 66 0 0 0 0 0 0
 11 58 86 6 93 13 0 0 4 58 55 41 98 11 0 0 24 91 21 51
 0 0 0 0 49 130 3 0
291.639524 355.827410 1.223648 1.386284
 5 2 11 29 3 4 3 3 150 4 4 4 0 0 0 106 152 6 0 0
 0 19 24 114 25 48 0 0 1 61 20 4 19 0 0 3 4 27 33 29
 152 4 0 0 0 2 11 152 125 19 0 0 5 17 16 96 38 20 0 0
 38 63 3 1 35 6 0 2 12 20 4 5 152 51 0 0 1 3 2 31
 122 18 0 0 21 57 5 15 48 30 0 0 43 29 1 1 28 5 13 22
 6 3 0 4 152 11 1 2 0 0 0 50 113 1 0 0 6 42 2 18
 18 15 0 0 13 34 1 1
337.751588 433.403273 1.209692 0.190796
 32 27 2 0 0 0 0 1 183 30 0 0 0 0 0 10 152 5 0 0
 0 0 0 9 5 0 0 0 0 0 0 4 64 18 2 0 0 0 0 3
 183 18 0 0 0 0 0 48 177 5 0 0 0 0 0 17 6 1 0 0
 0 0 0 1 64 10 0 1 1 0 0 3 183 43 0 0 0 0 0 12
 178 12 0 0 0 0 0 8 4 0 0 0 0 0 0 3 54 1 0 0
 0 0 1 11 183 2 0 0 0 0 0 39 137 6 0 0 0 0 0 9
 3 4 0 0 0 0 0 0
395.033673 519.760261 1.185975 0.812013
 75 9 0 0 0 0 0 7 198 45 0 0 0 0 0 3 104 20 0 0
 0 0 0 0 13 0 0 0 0 0 0 1 99 11 2 0 0 0 0 10
 198 11 0 0 0 0 0 32 150 11 0 0 0 0 0 14 14 4 0 0
 0 0 0 0 106 12 1 0 0 0 1 14 198 20 0 0 0 0 0 13
 140 11 0 0 0 0 0 16 10 4 0 0 0 0 0 3 78 12 0 0
 0 0 0 5 198 4 0 0 0 0 0 42 96 0 0 0 0 0 0 22
 4 0 0 0 0 0 0 5
287.039676 392.223636 1.138435 1.599554
 39 8 2 2 4 1 0 1 176 73 0 0 0 0 0 3 119 26 0 0
 0 0 0 0 1 1 0 0 0 0 0 0 50 8 5 2 5 1 0 2
 176 16 0 0 0 0 0 26 176 13 0 0 0 0 0 6 2 5 0 0
 0 0 0 0 54 9 1 6 15 0 0 7 176 25 0 0 0 0 0 50
 167 9 0 0 0 0 0 13 7 2 0 0 0 0 0 2 53 0 0 8
 4 0 0 70 176 0 0 0 0 0 0 176 68 0 0 0 0 0 0 35
 4 0 0 0 0 0 0 4
319.646469 320.640398 1.107643 2.880496
 4 8 1 0 0 141 53 4 64 35 10 0 3 102 12 11 141 30 0 0
 0 0 0 17 43 3 0 0 0 0 0 0 0 79 79 10 18 118 7 0
 70 11 20 31 128 141 6 18 141 30 0 0 8 4 0 41 54 6 0 0
 0 0 0 1 0 54 101 23 21 14 1 0 73 23 63 81 56 6 7 35
 141 57 0 1 5 0 0 87 39 14 0 0 0 0 0 4 2 22 33 5
 8 10 4 1 44 21 6 5 3 4 31 44 84 114 0 0 0 0 9 22
 33 73 0 0 0 0 0 0
377.854245 488.406045 1.097855 1.184780
 7 2 5 12 4 4 4 2 98 11 5 4 1 3 4 12 204 30 0 0
 0 0 0 3 51 6 0 1 1 1 0 1 12 8 6 9 2 2 2 2
 123 11 4 6 0 1 2 11 204 7 0 0 0 0 0 17 74 7 0 0
 0 0 0 3 4 4 3 1 6 12 6 5 140 12 0 0 2 3 0 29
 204 35 0 0 0 0 0 32 73 7 0 0 0 0 0 4 10 4 3 6
 12 4 2 4 85 22 0 2 6 1 0 8 204 121 0 0 0 0 0 4
 76 29 0 0 0 0 0 3
379.347381 361.687835 1.092841 2.152883
 2 38 53 42 32 0 0 3 60 169 23 12 0 0 1 8 146 169 0 0
 0 0 0 0 12 14 0 0 0 0 0 1 12 16 18 19 15 1 1 20
 111 54 14 9 1 1 2 17 169 90 1 1 0 0 0 8 49 5 0 0
 0 0 0 5 15 10 15 6 1 10 16 25 124 17 9 5 0 8 15 43
 169 4 0 0 0 0 1 49 44 4 1 0 0 0 0 6 11 18 31 7
 1 4 25 19 106 21 21 2 0 3 16 62 169 29 42 1 0 0 0 60
 14 21 80 0 0 0 0 1
289.804639 386.821299 1.090447 1.747735
 1 0 0 2 9 10 8 7 87 13 2 6 6 0 2 12 205 31 0 0
 0 0 0 1 55 2 0 0 0 0 0 1 1 3 10 10 4 2 3 1
 109 13 3 7 31 1 0 3 205 39 0 0 1 0 0 5 76 5 0 0
 0 0 0 2 4 3 3 5 13 11 1 0 99 5 5 3 10 5 0 29
 205 11 0 0 0 0 0 75 81 4 0 0 0 0 0 5 0 1 3 8
 22 4 0 0 149 8 5 5 3 0 0 29 205 1 0 0 0 0 0 100
 32 5 0 0 0 0 0 6
375.372737 422.128048 1.085340 2.720269
 21 94 21 29 16 19 6 1 96 144 22 11 11 7 1 6 5 11 11 16
 70 42 3 3 2 3 6 7 31 53 14 0 63 17 19 51 38 20 8 6
 144 33 3 5 10 8 6 44 32 4 1 42 108 33 9 19 0 0 7 36
 58 16 0 0 69 5 6 46 40 24 5 39 144 32 5 9 12 3 1 95
 35 14 9 79 144 11 0 5 0 2 28 44 31 4 0 0 71 0 0 10
 25 14 3 85 137 0 0 4 17 6 6 136 6 0 2 39 144 26 1 6
 0 5 25 30 44 6 0 0
418.928171 521.937595 1.060349 -0.860435
 3 5 2 1 0 2 3 5 110 5 0 0 0 0 2 28 190 15 0 0
 0 0 0 46 48 8 0 0 0 0 0 5 4 23 8 2 0 0 3 2
 174 30 5 0 0 0 2 13 190 24 0 0 0 0 0 24 56 5 0 0
 0 0 0 4 5 3 1 0 0 0 38 30 161 4 1 0 0 1 27 39
 190 7 0 0 0 0 0 35 43 10 0 0 0 0 0 4 4 10 12 1
 0 0 6 10 140 4 14 3 1 1 6 33 190 0 0 0 0 0 0 81
 19 1 0 0 0 0 2 15
345.676563 326.031335 1.053033 -0.133625
 2 18 21 7 26 21 23 5 7 9 3 0 1 7 60 69 1 0 0 0
 3 64 50 17 0 0 0 0 3 78 18 1 18 61 39 12 24 88 5 2
 130 59 8 0 0 5 36 67 20 0 0 0 0 108 112 31 0 0 0 0
 0 119 74 0 20 3 0 0 47 130 8 9 130 63 0 0 6 36 12 33
 88 51 0 0 0 69 57 11 0 0 0 0 0 93 108 0 1 0 0 0
 72 130 1 1 105 45 0 0 38 85 4 7 125 86 0 0 0 1 1 1
 6 6 0 0 0 9 12 0
418.990222 525.359341 1.050746 -0.901636
 33 51 12 4 1 0 0 3 187 166 1 0 0 0 0 3 80 31 0 0
 0 0 0 5 4 4 0 0 0 0 0 2 51 5 1 0 0 0 3 16
 187 22 0 0 0 0 0 46 159 18 0 0 0 0 0 9 4 5 0 1
 2 0 0 0 55 25 6 0 0 0 2 6 187 49 0 0 0 0 0 10
 160 13 0 0 0 0 0 5 7 4 0 0 1 1 0 0 30 2 1 0
 0 0 25 22 187 8 0 0 0 0 1 19 125 12 0 0 0 0 0 7
 4 6 1 0 0 0 0 2
412.469818 530.511877 1.028443 -0.115234
 59 156 1 0 0 0 0 0 133 156 0 0 0 0 0 0 17 23 0 1
 6 1 0 0 8 5 1 1 2 0 0 0 49 54 5 1 0 0 0 2
 156 156 1 0 0 0 0 6 111 24 0 0 2 1 2 3 6 1 0 0
 1 1 7 4 37 4 3 1 0 1 8 73 156 10 0 0 0 0 0 156
 106 6 0 0 0 0 1 27 2 4 0 0 0 0 5 3 13 0 0 0
 0 0 28 156 60 0 0 0 0 0 6 156 18 1 0 0 0 0 2 17
 2 1 0 0 0 0 0 3
368.979812 430.624244 1.014999 2.323321
 1 0 1 3 28 41 37 9 135 5 0 3 22 27 4 15 135 14 0 0
 5 9 9 42 5 1 0 0 56 75 9 3 1 0 0 19 92 80 20 5
 120 48 2 26 41 33 7 17 135 126 0 0 0 13 16 63 15 8 0 11
 22 103 33 6 3 3 6 77 124 14 5 1 73 22 2 16 32 14 27 49
 135 65 1 5 5 0 3 89 31 8 2 62 57 9 1 9 3 25 31 45
 19 12 7 1 39 43 10 23 19 8 10 38 135 98 2 3 3 2 3 61
 27 12 2 26 59 23 0 3
404.787058 528.092673 1.014420 0.538931
 57 21 3 5 3 0 1 7 177 106 0 0 0 0 0 2 74 25 0 0
 0 0 0 2 11 0 0 0 0 0 0 2 45 9 0 0 1 1 2 14
 177 79 0 0 0 0 0 6 177 23 0 0 0 0 0 0 7 11 0 0
 0 0 0 0 52 7 0 1 1 0 0 11 177 3 0 0 0 0 0 50
 177 2 0 0 0 0 0 23 2 5 0 0 0 1 1 1 50 5 2 0
 0 0 1 40 177 0 0 0 0 0 0 151 87 0 0 3 1 0 0 28
 3 3 2 2 0 0 0 0
288.863162 339.560635 1.012646 1.766305
 43 36 0 0 3 0 3 2 139 78 0 0 0 0 0 0 164 108 0 0
 0 0 0 0 34 11 0 0 0 0 0 0 24 16 10 2 0 3 23 13
 128 75 0 0 0 0 5 15 164 68 0 0 0 0 0 6 76 11 0 0
 0 0 0 2 12 89 27 6 0 2 8 5 123 95 2 0 0 0 6 26
 164 11 0 0 0 0 0 64 63 1 0 0 0 0 1 19 7 13 0 0
 1 13 41 14 159 32 0 0 0 0 7 47 164 3 0 0 0 0 0 43
 35 1 0 0 0 0 0 5
330.415413 429.549117 0.989309 0.238912
 3 3 4 1 3 5 2 2 68 7 2 0 0 1 6 26 202 2 0 0
 0 0 0 79 86 4 0 0 0 0 0 13 16 9 8 2 3 4 6 3
 126 23 1 0 2 8 8 15 202 38 0 0 0 0 0 29 92 20 0 0
 0 0 0 3 15 25 4 0 0 1 1 1 118 36 2 0 2 4 3 23
 202 24 0 0 0 0 0 47 88 2 0 0 0 0 1 13 6 16 11 0
 1 1 0 0 111 31 4 0 0 0 0 20 202 22 0 0 0 0 0 47
 66 1 0 0 0 0 1 11
381.983395 425.609076 0.988786 -2.724366
 8 9 1 1 7 8 4 8 23 26 7 3 6 2 0 4 143 143 4 3
 19 2 0 1 112 143 88 0 0 0 0 0 13 6 2 10 40 7 1 5
 57 26 4 5 18 6 2 20 143 49 2 6 42 15 2 6 143 143 65 3
 4 0 0 2 12 15 13 9 23 14 9 2 26 34 43 23 19 11 6 9
 143 19 31 16 14 2 0 56 143 10 3 11 21 0 0 26 4 7 35 26
 15 3 10 9 5 4 24 22 9 2 14 124 43 5 4 1 2 2 30 143
 40 14 12 26 10 1 3 17
421.008416 464.738089 0.965044 -1.781221
 87 14 1 0 0 0 0 28 180 8 0 0 0 0 0 42 130 2 0 0
 0 0 0 8 4 1 0 0 0 0 0 0 131 24 0 0 0 0 0 27
 180 14 0 0 0 0 0 36 152 6 0 0 0 0 0 3 7 2 0 0
 0 0 0 0 138 26 0 0 0 0 1 27 180 15 0 0 0 0 0 31
 133 14 0 0 0 0 0 6 9 6 0 0 0 0 0 1 104 17 0 0
 0 0 1 15 180 9 0 0 0 0 0 30 90 6 0 0 0 0 0 10
 6 3 0 0 0 0 0 2
382.498632 371.601463 0.960713 0.904637
 17 28 7 11 18 4 2 18 23 33 16 39 42 4 4 21 148 18 5 27
 21 0 0 50 73 16 16 26 9 2 0 15 3 33 12 13 53 25 24 6
 37 52 66 58 20 32 24 7 148 30 10 20 12 4 1 48 43 5 3 53
 57 1 0 13 16 19 4 6 26 71 70 32 36 17 14 21 45 148 67 25
 148 60 3 10 17 26 7 17 31 18 3 38 65 1 0 0 4 14 5 1
 24 148 115 0 5 16 22 47 83 99 6 0 136 88 3 17 22 4 1 3
 44 27 1 4 33 10 0 0
305.087060 418.473732 0.945730 0.735945
 3 3 2 1 7 4 1 2 140 7 0 0 0 0 0 7 198 23 0 0
 0 0 0 2 41 3 0 0 0 0 0 7 4 8 8 5 3 1 0 0
 159 24 4 3 1 0 0 4 198 28 0 0 0 0 0 5 69 5 0 0
 0 0 0 2 3 1 4 2 1 10 6 5 158 6 2 0 0 0 1 33
 198 7 0 0 0 0 0 19 70 4 0 0 0 0 0 2 2 1 0 2
 9 10 5 3 119 20 2 1 1 0 0 6 198 15 0 0 0 0 0 6
 55 1 0 0 0 0 0 4
359.478484 364.001853 0.942653 0.181799
 3 1 2 22 97 39 1 0 124 6 3 6 7 3 1 29 49 2 1 43
 53 3 4 26 0 0 1 57 62 2 0 0 8 4 1 15 146 93 0 1
 146 20 1 9 21 4 1 40 37 5 1 49 122 9 1 14 0 0 1 26
 67 12 5 0 11 5 1 9 146 123 1 4 146 54 6 11 32 11 2 32
 22 16 8 50 88 9 4 5 1 0 0 10 59 26 12 2 4 0 0 0
 146 146 5 8 63 0 0 0 34 42 12 65 6 1 0 9 53 25 1 6
 1 1 1 17 40 10 0 0
332.575484 396.448242 0.912078 -0.436323
 11 9 9 5 5 27 32 44 47 102 9 12 13 56 13 3 66 122 5 0
 4 23 11 21 21 3 3 28 34 28 18 34 5 21 72 64 12 6 5 5
 27 45 79 103 21 15 14 9 122 117 13 4 0 0 4 29 70 25 10 1
 6 36 29 21 38 24 42 50 4 1 5 40 43 9 8 17 11 7 122 122
 122 18 6 2 1 3 96 122 55 46 15 2 0 14 25 37 97 18 2 4
 2 1 3 51 122 69 4 0 1 1 30 91 11 21 15 24 35 11 31 21
 63 89 22 19 13 3 1 1
332.575484 396.448242 0.912078 -1.705843
 28 47 26 13 1 10 16 23 14 43 87 10 1 12 23 42 24 41 45 20
 9 0 3 27 15 8 70 39 10 8 1 25 3 7 128 90 3 4 18 24
 7 61 128 55 22 7 3 1 92 128 128 12 2 0 0 9 21 23 41 41
 25 34 13 8 17 13 28 22 32 16 34 54 28 10 23 35 118 64 16 11
 128 118 28 5 4 7 6 31 49 47 68 36 3 10 10 12 27 25 10 17
 18 18 5 20 2 4 10 40 86 52 2 1 28 128 58 13 14 6 1 2
 28 96 118 12 0 0 0 0
314.326259 425.133270 0.906263 0.380924
 1 3 2 2 17 10 1 0 127 36 0 0 2 4 1 1 195 88 0 0
 0 0 0 0 56 9 0 0 0 0 0 2 9 23 5 1 3 6 1 0
 129 12 0 1 4 10 2 2 195 31 0 0 0 0 0 5 104 2 0 0
 0 0 0 6 11 21 7 0 1 1 0 0 122 22 13 3 1 1 0 2
 195 44 0 0 0 0 0 8 104 8 0 0 0 0 0 3 2 2 2 0
 7 2 2 3 71 16 2 0 0 0 0 14 195 69 0 0 0 0 0 3
 103 16 0 0 0 0 0 0
