116 128
103.219669 142.087615 42.452571 0.869987
 -3 0 0 0 0 0 0 0 2 0 -1 0 0 0 0 0 0 -2 -2 0
 0 0 0 0 -3 0 0 0 0 0 0 0 -1 3 0 0 0 0 0 0
 4 0 0 0 0 0 0 0 4 0 1 0 0 0 0 0 -2 -2 1 0
 0 0 0 0
103.219669 142.087615 42.452571 -2.213366
 -3 0 0 0 0 0 2 3 0 -1 1 0 0 0 0 -1 0 0 1 0
 0 0 0 -1 -3 0 0 0 0 0 2 3 -1 -2 -1 1 0 0 1 0
 4 0 0 0 0 0 -2 -3 4 1 0 0 0 0 -3 -3 -2 2 0 0
 0 0 0 2
130.321665 70.660335 15.892657 -2.046253
 3 1 0 0 0 0 0 0 2 -1 0 0 0 0 0 0 -2 0 -1 0
 0 0 0 0 -2 2 0 0 0 0 0 0 3 0 0 0 0 0 0 0
 0 -1 1 0 0 0 0 0 -1 -1 0 0 -1 0 0 0 -2 0 0 0
 0 0 0 0
127.011800 230.749000 15.183477 1.158868
 4 -3 0 0 0 0 0 0 2 1 0 1 0 0 0 0 -2 0 0 0
 0 0 0 0 -2 0 1 0 0 0 0 0 3 0 0 0 0 0 0 0
 1 2 0 0 0 0 0 0 -3 0 -1 0 0 0 0 0 -2 -1 0 0
 0 0 0 0
127.011800 230.749000 15.183477 0.358028
 -1 1 2 0 0 0 0 0 0 -2 0 0 0 0 0 0 0 -1 0 1
 0 0 0 0 3 1 0 0 0 0 0 0 -3 2 0 0 0 0 0 0
 -2 0 -1 0 0 0 0 0 0 -2 0 0 0 0 0 0 3 0 0 0
 0 0 0 0
179.505985 178.626780 13.612437 -1.670097
 0 3 0 0 0 0 0 1 -3 0 -1 0 0 0 0 1 -1 -1 1 0
 0 0 0 0 4 0 0 0 0 0 0 -2 -2 1 0 1 0 0 0 1
 -3 0 0 0 0 0 0 2 1 -3 0 0 0 0 0 -1 4 0 0 0
 0 0 0 -2
179.505985 178.626780 13.612437 -2.163863
 -2 -2 -1 0 0 0 0 0 -2 0 -1 0 0 0 0 0 2 0 -1 1
 0 0 0 0 3 -1 0 0 0 0 0 0 -2 0 1 0 0 0 0 1
 -3 1 1 0 0 0 0 0 1 2 0 0 0 0 0 -1 3 -1 0 0
 0 0 0 0
130.291061 228.293499 13.233721 1.244473
 4 -1 0 0 0 0 0 0 1 2 0 0 0 0 0 0 -3 0 -1 0
 0 0 0 0 -2 -1 0 0 0 0 0 0 4 -1 0 1 0 0 0 0
 1 2 1 0 0 0 0 0 -3 0 0 0 0 0 0 0 -2 -1 0 0
 0 0 0 0
130.291061 228.293499 13.233721 0.300660
 0 0 1 0 0 0 0 0 -1 -1 0 0 0 0 0 0 0 -1 -1 0
 0 0 0 0 4 1 0 0 0 0 0 0 -3 2 0 0 0 0 0 0
 -2 0 0 0 0 0 0 0 0 -1 0 1 0 0 0 0 3 0 0 0
 0 0 0 0
81.229873 20.350329 10.225078 -1.841850
 -2 -2 0 0 0 0 0 0 0 2 0 0 0 0 0 0 1 0 0 0
 0 0 0 0 2 0 0 0 0 0 0 0 -3 0 0 0 0 0 0 0
 -1 0 1 0 0 0 0 0 0 0 1 0 0 0 0 0 3 0 0 0
 0 0 0 0
52.633800 113.549653 9.680794 1.311296
 3 -2 0 0 0 0 0 0 1 1 0 0 0 0 0 0 0 1 1 0
 0 0 0 0 -3 0 0 0 0 0 0 0 4 0 0 0 0 0 0 0
 1 2 0 0 0 0 0 0 -3 0 0 0 0 0 0 0 -3 0 0 0
 0 0 0 0
108.969661 163.049143 9.603156 2.032816
 -2 3 0 0 0 0 0 0 -2 -1 0 0 0 0 0 0 -1 -1 0 0
 0 0 0 0 0 0 2 0 0 0 0 0 0 0 -1 0 0 0 0 0
 0 -1 0 0 0 0 0 0 2 0 0 0 0 0 0 0 3 0 0 0
 0 0 0 0
91.829775 53.236863 9.450178 -1.898436
 3 0 0 1 0 0 0 1 0 0 1 0 0 0 0 0 -1 -1 0 0
 0 0 0 0 -1 -1 0 0 0 0 0 0 2 0 0 -1 0 0 0 1
 0 0 1 -1 0 0 0 0 -1 2 0 0 0 0 0 0 -1 0 0 0
 1 0 0 0
31.671311 28.020474 8.702050 1.928296
 -2 1 0 0 0 0 1 0 0 -1 0 0 0 0 0 0 1 -1 0 0
 0 0 0 0 4 2 0 0 0 0 -2 0 -3 1 0 0 0 0 1 0
 -2 0 0 1 0 0 0 0 0 -1 0 0 0 0 0 0 2 0 1 0
 0 0 0 0
157.353152 98.016871 6.772837 -1.683962
 3 2 0 0 0 0 1 0 0 -1 0 0 0 0 0 0 -2 0 0 0
 0 0 0 0 -3 1 0 0 0 0 -1 0 2 0 0 0 0 0 0 0
 2 -1 1 0 0 0 1 0 0 -1 0 0 0 0 0 0 -2 0 0 0
 0 0 0 0
49.010905 33.932703 5.258753 -1.993854
 0 -1 0 0 0 0 0 0 2 0 0 0 0 0 0 0 0 1 0 0
 0 0 0 0 -1 0 0 0 0 0 0 0 0 0 1 0 0 0 0 0
 1 0 0 0 0 0 0 0 -1 1 0 0 0 0 0 0 -1 -1 0 0
 0 0 0 0
24.436568 71.865721 5.058056 1.358527
 2 -1 0 0 0 0 0 0 1 -1 1 0 0 0 0 0 -2 0 0 0
 0 0 0 0 -2 0 0 0 0 0 0 0 4 0 -1 0 0 0 0 0
 1 2 1 0 0 0 0 0 -2 1 0 1 0 0 0 0 -2 0 0 0
 0 0 0 0
169.828511 115.210067 4.833401 -1.584643
 -1 0 1 0 0 0 0 0 -1 -1 0 0 0 0 0 0 0 -1 0 0
 0 0 0 0 3 0 0 0 0 0 0 0 -2 2 0 0 0 0 0 0
 -1 0 0 1 0 0 0 0 0 -1 0 0 0 0 0 0 3 0 0 0
 0 0 0 0
142.192086 95.892018 4.747512 2.168690
 1 -2 0 0 0 0 0 0 -1 0 -1 0 0 0 0 0 0 2 0 -1
 0 0 0 0 3 1 1 0 0 0 1 2 -1 -1 1 0 0 0 0 -1
 -2 0 0 1 0 0 -1 -1 -1 1 0 0 0 0 -1 0 1 -1 -1 0
 0 0 0 0
142.192086 95.892018 4.747512 -2.583599
 0 0 0 0 0 0 0 0 3 0 1 0 0 0 0 0 1 0 0 0
 0 0 0 0 0 3 0 0 0 0 0 0 -2 0 1 0 0 0 0 0
 0 -1 0 0 0 0 0 0 0 -1 0 0 0 0 0 0 -1 0 0 1
 0 0 0 0
44.746864 134.709237 4.712048 1.569267
 1 3 0 0 0 0 0 0 -1 1 -1 0 0 0 0 0 -1 -1 0 0
 0 0 0 0 0 -1 0 0 0 0 0 0 3 0 0 0 0 0 0 0
 -1 0 0 0 0 0 0 0 -1 0 0 0 0 0 0 0 0 -1 0 0
 0 0 0 0
93.652982 126.662930 4.691399 -1.598239
 0 -1 -1 0 0 0 0 0 1 0 0 0 0 0 0 0 0 2 0 0
 0 0 0 0 0 0 1 0 0 0 0 0 3 0 0 0 0 0 0 0
 -1 0 0 0 0 0 0 0 -1 0 0 0 0 0 0 0 -1 0 0 0
 0 0 0 0
102.098241 106.471464 4.210797 -1.169669
 3 0 0 0 0 0 0 0 0 0 0 1 0 0 0 0 -1 0 0 0
 0 0 0 0 1 -2 0 0 0 0 0 0 1 2 0 0 0 0 0 0
 -1 0 0 0 0 0 0 0 -1 0 -1 0 0 0 0 0 -2 0 1 0
 0 0 0 0
59.945996 179.403647 4.059282 0.860928
 3 -2 0 0 0 0 0 0 0 1 2 0 0 0 0 0 -2 0 0 0
 0 0 0 0 -1 0 0 0 0 0 0 0 3 0 -1 0 0 0 0 0
 0 2 0 0 0 0 0 0 -2 0 0 1 0 0 0 0 -1 0 0 0
 0 0 0 0
36.181462 47.468953 3.924319 -1.245999
 4 1 0 0 0 0 0 0 1 -1 0 1 0 0 0 0 -1 -1 -1 0
 0 0 0 0 -3 1 -1 0 0 0 0 0 4 1 0 0 0 0 0 0
 0 -1 1 0 0 0 0 0 -1 -1 0 0 0 0 0 0 -3 1 1 0
 0 0 0 0
36.181462 47.468953 3.924319 2.809958
 -1 0 0 0 0 0 0 0 -1 -1 0 0 0 0 0 0 0 0 1 0
 0 0 0 0 -1 -1 0 0 0 0 0 0 2 -2 0 0 0 0 0 0
 -1 1 0 0 0 0 0 0 2 1 0 0 0 0 0 0 0 1 0 0
 0 0 0 0
60.369473 60.250394 3.658165 -1.627222
 2 0 0 0 0 0 0 0 0 0 0 0 0 0 0 0 -1 -1 0 0
 0 0 0 0 -2 0 1 0 0 0 0 0 0 -1 0 0 0 0 0 0
 1 1 0 0 0 0 0 0 0 0 0 0 0 0 0 0 0 2 0 0
 0 0 0 0
95.177796 15.428793 3.336498 -2.498254
 1 2 0 0 0 0 0 0 -2 0 -1 0 0 0 0 0 -1 -1 0 0
 0 0 0 0 3 0 0 0 0 0 0 0 0 0 2 0 0 0 0 0
 -2 0 0 0 0 0 0 0 -1 -1 0 0 0 0 0 0 4 -1 0 -1
 0 0 0 0
143.737384 210.574044 3.292223 0.627092
 -1 0 0 0 0 0 0 0 -1 -1 0 0 0 0 0 0 1 0 1 0
 0 0 0 0 3 0 0 0 0 0 0 0 -1 2 0 0 0 0 0 0
 -2 0 0 0 0 0 0 0 0 0 1 0 0 0 0 0 3 0 0 0
 0 0 0 0
31.722040 86.992637 3.276472 0.916093
 -2 0 0 0 0 0 0 0 -1 0 0 0 0 0 0 0 3 0 0 0
 0 0 0 0 3 0 0 0 0 0 0 0 -2 1 0 0 0 0 0 0
 -2 0 0 0 0 0 0 0 2 0 1 0 0 0 0 0 -1 0 0 0
 0 0 0 0
64.582525 26.907518 3.272277 0.936169
 3 1 0 1 0 0 0 0 -2 1 -1 0 0 0 0 0 -2 0 0 0
 0 0 0 0 2 -1 0 0 0 0 0 0 1 1 2 0 0 0 0 0
 -2 0 0 0 0 0 0 0 -2 -1 0 0 0 0 0 0 2 -2 0 0
 0 0 0 0
44.439500 81.520713 2.972529 -1.228608
 2 1 0 0 0 0 0 0 3 0 0 0 0 0 0 1 0 -1 0 0
 0 0 0 0 0 -1 1 0 0 0 0 0 0 -1 -1 0 0 0 0 0
 0 -1 -1 0 0 0 0 0 -2 1 0 0 0 0 0 0 -3 1 0 0
 0 0 0 0
73.046589 33.160193 2.967572 1.577900
 0 0 0 0 0 0 0 0 0 2 1 0 0 0 0 0 2 -1 0 0
 0 0 0 0 0 0 0 0 0 0 0 0 0 0 0 0 0 0 0 0
 -2 0 1 0 0 0 0 -2 0 0 0 0 0 0 0 0 0 0 0 0
 0 0 0 0
59.859899 22.429762 2.729668 0.664538
 3 -1 -1 0 0 0 0 -3 0 -1 0 0 0 0 0 0 0 1 0 -1
 0 0 0 0 1 1 0 0 0 0 0 0 1 0 2 0 0 0 0 -1
 -3 -1 0 0 0 0 0 1 -3 0 0 0 0 0 0 2 0 2 0 0
 0 0 0 0
114.618904 204.263672 2.696571 0.098211
 3 0 0 0 0 0 0 0 0 -1 0 0 0 0 0 0 -1 0 0 0
 0 0 0 0 -1 0 0 0 0 0 0 0 3 0 0 0 0 0 0 0
 0 -1 0 0 0 0 0 0 -1 0 0 0 0 0 0 0 -1 2 0 0
 0 0 0 0
141.568555 197.365648 2.686314 2.102187
 3 0 0 0 0 0 0 0 2 0 1 0 0 0 0 0 0 3 0 0
 0 0 0 0 0 0 0 1 0 0 0 0 0 -1 -1 0 0 0 0 0
 -2 -1 1 0 0 0 0 0 -1 0 0 0 0 0 0 0 -2 1 0 0
 0 0 0 0
106.540254 72.882425 2.654942 -2.029340
 -1 0 0 0 0 0 0 0 -1 -1 0 0 0 0 1 0 1 0 0 0
 0 0 -1 0 2 0 -1 0 0 0 0 2 -1 2 0 0 0 0 0 0
 -2 0 0 0 0 0 1 -1 1 0 1 0 0 0 0 0 1 0 0 0
 0 0 0 0
129.376657 96.846173 2.600658 -2.575916
 0 -1 0 0 0 0 0 0 0 -1 0 0 0 0 0 0 2 0 0 0
 0 0 0 0 3 0 0 0 0 0 0 0 0 0 2 0 0 0 0 0
 -2 2 0 0 0 0 0 0 -2 0 -1 0 0 0 0 -1 1 0 0 0
 0 0 0 0
161.407456 268.859208 2.595400 1.073426
 2 0 1 0 0 0 0 -1 0 0 0 0 0 0 0 0 -1 1 0 0
 0 0 0 0 0 1 0 0 0 1 0 0 2 0 -1 0 0 0 0 0
 0 -1 0 0 0 0 0 0 0 0 0 0 0 0 0 0 0 0 0 0
 0 0 0 0
196.957902 279.436877 2.529444 -1.310957
 3 0 0 0 0 0 -2 -1 1 0 -1 0 0 0 -1 0 -1 -1 0 0
 0 0 1 0 -1 -1 0 0 0 0 0 0 1 1 0 0 0 0 -1 0
 0 1 -1 0 0 0 0 1 -1 0 0 0 0 0 1 1 -1 0 0 0
 0 0 1 0
69.107571 62.929109 2.485201 1.997861
 4 1 0 0 0 0 0 3 0 0 -1 0 0 0 0 0 -1 2 0 0
 0 0 0 0 -2 0 0 0 0 0 0 -1 2 -1 1 0 0 0 0 0
 -1 0 0 0 0 0 0 -1 0 0 -1 0 0 0 0 0 0 -2 0 -1
 0 0 0 0
37.024920 34.892026 2.360825 -1.028908
 2 2 0 0 0 0 0 0 1 -1 0 0 0 0 0 0 -2 -1 0 0
 0 0 0 0 -2 2 0 0 0 0 0 0 1 0 0 0 0 0 0 0
 0 -1 -1 0 0 0 0 0 -1 -1 0 0 0 0 0 0 0 0 1 0
 0 0 0 0
155.669512 213.421869 2.343318 1.025123
 2 0 1 0 0 0 0 0 -2 0 1 0 1 0 0 0 0 -2 0 0
 0 0 0 0 -1 -1 0 0 0 0 0 0 3 0 0 0 1 0 0 -1
 0 2 0 0 0 0 0 0 0 0 0 2 0 0 0 0 -1 1 -1 0
 0 0 0 0
149.813003 206.586524 2.292044 0.878119
 3 0 0 0 0 0 0 0 0 2 0 0 0 0 0 1 0 0 -1 0
 0 0 0 0 -1 0 0 0 0 0 0 0 1 0 1 0 0 0 0 0
 0 -1 0 0 0 0 0 0 0 -1 0 0 0 0 0 0 -1 0 0 0
 0 0 0 0
109.303154 66.166387 2.230550 -1.788352
 2 -1 0 0 0 0 0 0 1 0 0 0 0 0 0 0 -2 0 0 0
 0 0 0 0 -1 0 0 1 0 0 0 0 1 1 0 0 0 0 0 0
 0 1 0 0 0 0 0 0 0 0 0 0 0 0 0 0 -1 0 1 0
 0 0 0 0
78.213876 197.417589 2.178193 0.573191
 3 -3 0 0 0 0 0 0 1 1 0 0 0 0 0 0 -2 0 1 0
 0 0 0 0 -1 -1 0 0 0 0 0 0 2 0 0 0 0 0 0 0
 1 2 0 -1 0 0 0 0 -2 0 0 0 0 0 0 0 -1 0 0 0
 0 0 0 0
13.046210 101.309088 2.122605 1.847045
 2 -2 0 0 0 0 0 0 3 -1 0 -1 0 0 0 0 -2 0 1 0
 0 0 0 0 -2 -1 0 1 0 0 0 0 2 2 0 0 0 0 0 0
 1 2 0 0 0 0 0 0 -2 0 1 0 0 0 0 0 -2 1 -1 -1
 0 0 0 0
104.048743 107.800803 2.097646 -0.978765
 3 1 0 0 0 0 0 0 0 1 0 0 0 0 0 0 -2 -1 0 0
 0 0 0 0 0 0 0 0 0 0 0 0 4 -1 0 0 0 0 0 0
 -1 1 0 0 0 0 0 0 -1 -1 0 0 0 0 0 0 0 0 0 0
 0 0 0 0
40.437419 16.570926 2.093840 -1.201518
 -2 1 0 0 0 0 0 0 0 0 -1 1 0 0 0 0 2 1 0 0
 0 0 0 0 0 1 1 0 0 0 0 0 0 -1 0 0 0 0 0 0
 1 -1 0 0 0 0 0 0 -1 0 -1 0 0 0 0 1 -1 -1 0 0
 0 0 0 0
40.437419 16.570926 2.093840 -2.707237
 1 0 0 -1 0 0 0 0 -1 0 0 0 0 0 0 -1 -1 -1 0 0
 0 0 0 0 0 1 2 0 0 0 0 0 2 -2 0 1 0 0 0 2
 0 0 -1 1 0 0 0 0 -1 0 0 0 0 0 0 -1 1 2 -1 0
 0 0 0 0
103.776872 117.601485 2.081740 -1.079468
 0 0 -1 0 0 0 0 0 -1 0 -1 1 0 0 0 0 -2 2 1 0
 0 0 0 0 0 0 0 0 1 0 0 0 1 -1 0 0 0 0 0 0
 0 -1 1 0 0 0 0 0 0 -1 0 -1 0 0 0 0 3 1 0 0
 0 0 0 -2
103.776872 117.601485 2.081740 -1.345918
 0 -1 0 0 0 0 0 -1 -3 2 0 0 0 0 0 0 0 0 2 0
 0 0 0 0 3 0 0 1 0 0 0 1 0 -1 0 0 0 0 0 0
 -2 0 0 0 0 0 0 -1 0 -1 0 0 0 0 0 0 4 1 0 0
 0 0 0 2
39.413207 28.305498 2.025791 -2.615531
 3 1 0 0 0 0 0 0 0 2 -1 0 0 0 0 0 -2 0 0 -1
 0 0 0 0 0 -1 0 0 0 0 0 0 0 -1 0 0 0 0 0 0
 1 -1 0 0 0 0 0 0 0 0 0 0 1 0 0 0 -1 0 1 0
 0 0 0 0
18.218285 62.923192 1.996409 1.444894
 1 2 0 0 0 0 0 0 -1 0 0 0 0 0 0 -1 -1 0 0 0
 0 0 0 -1 -1 0 0 0 0 0 1 0 4 0 0 0 0 0 -2 3
 0 -2 0 0 0 0 0 0 0 -1 0 0 0 0 0 0 0 -1 0 0
 0 0 0 0
84.237599 18.249475 1.985754 2.996647
 -3 0 0 -1 0 0 0 0 -2 0 0 0 0 0 0 0 1 0 0 0
 0 0 0 0 2 2 0 0 0 0 0 0 -2 0 0 0 0 0 0 0
 0 0 -1 0 0 0 0 0 1 0 0 0 0 0 0 0 3 0 2 0
 0 0 0 0
110.834400 78.838224 1.966455 -1.969599
 -2 1 0 0 0 0 0 0 0 1 1 0 0 0 0 0 1 0 0 0
 0 0 0 0 2 0 0 0 0 0 0 0 -2 0 0 0 0 0 0 0
 -1 -1 0 0 0 0 0 0 1 0 0 0 0 0 0 0 2 0 0 0
 0 0 0 0
109.004599 110.420384 1.944497 -0.963814
 0 0 0 0 0 0 0 0 -2 2 0 0 0 0 0 0 0 0 0 0
 0 0 0 0 4 1 0 0 0 0 0 2 0 -1 0 0 0 0 0 -1
 -2 0 1 0 0 0 0 0 -1 0 0 1 0 0 0 0 4 0 1 0
 0 0 0 1
116.763095 86.759313 1.924262 -2.294585
 3 0 -1 0 0 0 0 0 3 -2 0 0 0 0 0 0 -2 -1 0 0
 0 0 0 0 -2 -1 0 0 0 0 0 0 0 1 0 0 0 0 0 0
 0 2 0 0 0 0 0 0 -1 0 -1 0 0 0 0 0 -1 0 0 0
 0 0 0 0
49.440337 77.793239 1.861398 -1.004529
 4 -1 -1 0 0 0 0 -1 1 1 1 0 0 0 0 0 -1 2 0 0
 0 0 0 0 -1 0 -1 0 0 0 0 0 1 0 0 0 0 0 0 0
 0 -1 1 0 0 0 0 0 -2 -1 0 0 0 0 0 0 -2 -1 0 0
 0 0 0 0
40.117607 158.767367 1.855859 1.341188
 2 1 0 0 0 -1 0 0 -1 -1 0 0 0 0 0 0 0 0 0 0
 0 0 0 0 0 1 0 0 0 0 0 0 3 -1 0 0 0 0 0 0
 -1 -1 0 0 0 0 0 0 -1 -1 0 0 0 0 0 0 0 1 0 0
 0 0 0 0
146.624159 193.205372 1.726619 2.240005
 0 2 0 0 0 0 0 0 -1 0 0 0 0 0 0 0 0 0 0 0
 0 0 0 0 4 0 0 0 0 0 0 0 -1 0 0 0 0 0 0 0
 -1 0 0 0 0 0 0 0 0 -1 0 0 0 0 0 0 1 0 0 0
 0 0 0 0
124.584204 101.913861 1.699928 -0.003629
 0 0 0 0 0 0 0 0 -2 -1 0 0 0 0 0 0 0 -2 0 0
 0 0 0 0 2 0 1 0 0 0 0 0 0 2 0 0 0 0 0 0
 -2 1 1 0 0 0 0 0 0 0 0 1 0 0 0 0 3 0 -1 0
 0 0 0 0
124.617343 206.436488 1.653404 0.250874
 0 0 0 0 0 0 0 0 0 0 0 0 0 0 0 0 -1 1 0 0
 0 -1 0 0 -1 0 0 0 0 0 0 0 1 1 0 0 0 -1 0 0
 1 -1 1 0 0 1 0 0 -1 0 0 0 0 0 0 0 -1 0 0 0
 0 0 0 0
47.131594 166.343943 1.653013 0.984597
 2 0 0 1 0 0 0 0 1 1 1 0 0 0 0 0 -2 0 1 0
 0 0 0 0 -1 -1 0 0 0 0 0 0 4 -1 0 0 0 0 0 0
 0 2 -1 0 0 0 0 0 -2 0 0 0 0 0 0 0 -2 0 0 0
 0 0 0 0
70.736824 51.318957 1.638291 2.180067
 2 -2 0 0 0 0 0 0 2 0 0 0 0 0 0 0 -2 0 0 0
 0 0 0 0 -1 -1 1 0 0 0 0 0 1 1 0 0 0 0 0 0
 1 2 0 0 0 0 0 0 -1 0 0 0 0 0 0 0 -1 0 0 0
 0 0 0 0
35.712456 11.125841 1.564690 -2.938660
 0 -1 0 0 0 0 0 0 -2 0 -1 0 0 0 0 0 0 2 1 0
 0 0 0 0 3 0 0 0 0 0 0 0 -1 2 0 0 0 0 0 0
 -3 0 0 0 0 0 0 0 0 -1 1 0 0 0 0 0 3 0 0 0
 0 0 0 0
155.637801 112.146291 1.548191 0.909836
 0 1 0 0 0 0 0 0 0 0 0 0 0 0 0 0 -1 0 0 0
 0 0 0 0 0 0 0 0 0 0 0 0 2 0 0 0 0 0 0 0
 2 0 0 0 0 0 0 0 0 0 0 0 0 0 0 0 -1 -1 0 0
 0 0 0 0
62.010452 17.630661 1.543977 0.676677
 -3 1 -1 0 0 0 0 0 -2 0 0 0 0 0 0 0 0 -1 0 0
 0 0 0 0 0 -1 0 0 0 0 0 0 -1 0 1 0 0 0 0 0
 0 0 1 0 0 0 0 0 2 -1 0 0 0 0 0 0 4 2 0 0
 0 0 0 1
44.572861 161.445346 1.525648 1.248787
 3 0 1 0 0 0 0 0 -1 0 0 1 0 0 0 0 -2 0 0 0
 0 0 0 0 -1 -1 0 0 0 0 0 0 4 0 -1 0 0 0 0 0
 0 2 0 0 0 0 0 0 -2 0 0 0 0 0 0 0 -1 0 0 0
 0 0 0 0
76.943387 162.220494 1.521882 -2.725194
 3 0 1 0 0 0 0 0 0 0 -1 0 0 0 0 0 -2 -1 1 0
 0 0 0 0 -1 0 0 0 0 0 0 0 1 0 0 0 0 0 0 0
 0 -1 0 1 0 0 0 0 0 0 0 0 0 0 0 0 -1 2 0 0
 0 0 0 0
35.554692 46.938029 1.519419 -0.672167
 -2 -2 0 0 0 0 0 0 0 1 -1 0 0 0 0 0 0 0 -1 0
 1 0 0 0 3 0 0 0 0 0 0 0 -3 0 0 1 0 0 0 0
 -1 2 1 0 0 0 0 0 0 0 -1 0 0 0 0 0 3 0 0 0
 0 0 0 0
56.981506 27.098965 1.480760 -2.242672
 -2 0 2 0 0 0 0 0 -2 0 0 0 0 0 0 0 0 2 -1 0
 0 0 0 0 4 1 0 0 0 0 0 0 -2 0 1 1 0 0 0 0
 0 -2 -1 0 0 0 0 0 0 -1 -1 0 0 0 0 0 3 -1 0 0
 0 0 0 0
150.759637 189.565251 1.456420 2.542068
 0 -2 0 0 0 0 0 0 0 -1 0 0 0 0 0 0 0 0 0 0
 0 0 0 0 1 2 -1 0 0 0 0 0 0 0 0 0 0 0 0 0
 -2 0 0 0 0 0 0 0 -1 1 0 0 0 0 0 0 3 0 1 0
 0 0 0 0
85.701540 26.285995 1.446021 -1.412076
 -1 -1 0 0 0 0 0 0 -2 1 -1 0 0 0 0 -2 2 2 0 0
 0 0 0 0 3 0 0 0 0 0 0 1 -1 -2 0 0 0 0 0 0
 -2 0 0 0 0 0 0 0 0 0 1 0 0 0 0 -1 3 -2 0 0
 0 0 0 2
70.579164 8.771484 1.418018 -2.782392
 2 0 0 0 0 0 0 0 -1 2 0 0 0 0 0 0 -1 0 0 0
 0 0 0 0 0 -1 0 0 0 0 0 0 0 -1 0 0 0 0 0 0
 -1 0 0 0 0 0 0 0 0 0 0 0 0 0 0 0 4 0 0 0
 0 0 0 0
22.672699 83.724870 1.344154 0.917653
 0 -1 0 0 0 0 0 0 1 -1 0 0 0 0 0 0 1 0 0 0
 0 0 0 0 3 1 0 0 0 0 0 0 -1 0 2 0 0 0 0 0
 -2 0 0 0 0 0 0 0 -2 0 0 0 0 0 0 0 0 2 0 0
 0 0 0 0
139.630409 103.098152 1.333292 -2.638425
 2 0 0 0 0 0 0 0 0 0 1 0 0 0 0 0 -2 -1 0 0
 0 0 0 0 -2 2 0 0 0 0 0 0 2 0 0 0 0 0 0 0
 2 1 0 0 0 0 0 0 0 0 0 0 0 0 0 0 -2 0 0 0
 0 0 0 0
107.878583 154.568722 1.333005 -0.089448
 1 -1 1 0 0 0 0 0 2 1 0 0 0 0 0 0 0 0 0 0
 0 0 0 0 0 0 0 0 0 0 0 0 0 0 0 0 0 0 0 0
 0 0 0 0 0 0 0 0 -1 0 0 0 0 0 0 0 -2 1 1 0
 0 0 0 0
107.878583 154.568722 1.333005 2.850633
 0 0 0 0 0 0 0 0 0 0 0 0 0 0 0 0 2 0 0 0
 0 0 0 0 0 0 0 0 0 0 0 0 0 0 0 0 0 0 0 0
 0 0 0 0 0 0 0 0 0 0 0 0 0 0 0 0 0 0 0 0
 0 0 0 0
108.027561 66.590064 1.325943 -1.544998
 2 0 -1 0 0 0 0 0 2 0 0 0 0 0 0 0 -2 -1 0 0
 0 0 0 0 -2 0 0 0 0 0 0 0 1 0 1 0 0 0 0 0
 1 0 1 0 0 0 0 0 -1 1 0 0 0 0 0 0 0 1 0 0
 0 0 0 0
108.027561 66.590064 1.325943 -2.212108
 2 -1 0 0 0 0 -1 0 -1 -1 0 0 0 0 0 0 0 0 0 0
 0 0 0 0 0 0 1 0 0 0 0 0 2 1 0 0 0 0 0 0
 -1 0 0 0 0 0 0 0 0 0 0 0 0 0 0 0 0 0 1 0
 0 0 0 0
33.196325 68.752388 1.285092 -1.891000
 0 1 0 0 0 0 0 0 0 1 0 0 0 0 0 0 -1 0 0 0
 0 0 0 0 -1 -1 0 0 0 0 0 0 2 1 1 0 0 0 0 0
 -1 1 0 0 0 0 0 0 -1 0 0 0 0 0 0 0 4 -1 0 0
 0 0 0 0
149.156706 98.758108 1.270332 1.862156
 1 1 0 0 0 0 0 0 2 0 0 0 0 0 0 0 -2 0 0 0
 0 0 0 0 -2 0 0 0 0 0 0 0 2 0 0 0 0 0 0 0
 2 0 0 0 0 0 0 0 -2 0 0 0 0 0 0 0 -1 1 1 0
 0 0 0 0
112.085965 22.556734 1.243761 -0.111647
 -1 0 0 0 0 0 0 0 0 -1 0 0 0 0 0 0 0 0 0 0
 0 0 0 0 4 0 0 0 0 0 0 0 -1 0 0 0 0 0 0 0
 -1 0 0 0 0 0 0 0 -1 0 0 0 0 0 0 0 1 1 0 0
 0 0 0 0
67.656910 194.346179 1.238943 0.689310
 3 0 0 0 0 0 0 1 0 0 0 0 0 0 0 0 0 0 0 0
 0 0 0 0 0 0 0 0 0 0 0 0 1 1 0 0 0 0 0 0
 0 0 0 0 0 0 0 0 0 0 0 0 0 0 0 0 0 0 0 0
 0 0 0 0
159.364363 111.976988 1.193147 -1.452142
 -2 2 0 -1 0 0 0 0 -1 0 0 0 0 0 0 0 0 0 1 1
 0 0 0 0 3 1 0 0 0 0 0 0 -1 -1 -1 0 0 0 0 0
 -1 -1 0 0 0 0 0 0 0 -1 1 0 0 0 0 0 4 0 0 -1
 0 0 0 0
102.248805 204.799323 1.184182 0.110894
 2 0 0 0 0 0 0 0 1 0 1 0 0 0 0 0 -2 0 0 0
 0 0 0 0 -1 0 0 0 0 0 0 0 2 0 0 0 0 0 0 0
 1 1 0 0 0 0 0 0 -2 0 0 0 0 0 0 0 -1 0 0 0
 0 0 0 0
152.091834 108.984255 1.166175 0.788925
 -1 0 0 0 0 0 0 0 0 0 0 0 0 0 0 0 2 -1 0 0
 0 0 0 1 0 0 0 0 0 0 0 0 -1 0 0 0 0 0 0 0
 0 0 0 0 0 0 0 0 2 1 0 0 0 0 0 2 0 0 0 0
 0 0 0 0
73.890116 16.103607 1.157328 -2.407095
 0 -1 0 0 0 0 0 0 -1 -1 1 0 0 0 0 0 0 0 0 0
 0 0 0 0 2 1 1 0 0 0 0 0 1 0 0 0 0 0 0 0
 -1 1 0 0 0 0 0 0 -2 1 0 0 0 0 0 0 0 0 -1 0
 0 0 0 0
158.066401 187.366077 1.141422 -2.828340
 -2 1 0 0 0 0 0 0 0 0 1 0 0 0 0 0 2 0 1 0
 0 0 0 0 3 1 0 0 0 0 0 0 -1 0 0 0 0 0 0 0
 -1 0 0 0 0 0 0 0 0 -1 0 0 0 0 0 0 0 -1 0 0
 0 0 0 0
77.914741 130.064632 1.136070 0.083855
 0 0 0 0 0 0 0 0 0 0 0 0 0 0 0 0 0 0 0 0
 0 0 0 0 0 0 0 0 0 0 0 0 0 0 0 0 0 0 0 0
 0 0 0 0 0 0 0 0 0 0 0 0 0 0 0 0 0 0 0 0
 0 0 0 0
19.377946 83.591289 1.117654 -1.288426
 2 0 0 0 0 0 -1 0 1 0 0 0 0 0 0 0 -1 -1 0 0
 0 0 0 0 0 -1 0 0 0 0 0 0 2 0 0 0 0 0 -1 0
 0 0 1 0 0 0 0 0 -2 0 0 0 0 0 0 0 -1 1 0 0
 0 0 0 0
19.377946 83.591289 1.117654 1.651897
 1 -1 1 0 0 0 0 0 2 0 1 0 0 0 0 0 -2 0 0 0
 0 0 0 0 -2 -1 -1 0 0 0 0 0 1 -1 -1 0 0 0 0 0
 2 1 0 0 0 0 0 0 0 2 0 0 0 0 0 0 -2 0 0 0
 0 0 0 0
161.848971 176.702890 1.073075 -1.671068
 2 0 1 0 0 0 0 0 2 0 0 0 0 0 0 0 -2 0 0 0
 0 0 0 0 -1 -1 0 0 0 0 0 0 1 0 0 0 0 0 0 0
 -1 -1 0 0 0 0 0 0 -2 0 0 0 0 0 0 0 0 1 0 0
 0 0 0 0
60.962319 26.899752 1.065351 -2.358615
 0 0 1 0 0 0 0 0 -2 0 0 0 0 0 0 0 0 3 0 0
 0 0 0 0 4 0 0 0 0 0 0 0 -1 -2 0 0 0 0 0 0
 -3 0 0 0 0 0 0 0 0 1 0 0 0 0 0 0 3 -1 -1 0
 0 0 0 0
18.597814 88.665466 1.060322 -1.376579
 3 -1 0 0 0 0 0 0 0 1 0 0 0 0 0 0 -2 0 1 0
 0 0 0 0 -1 -1 0 0 0 0 0 0 2 0 0 0 0 0 0 0
 0 1 0 0 0 0 0 0 -2 0 0 0 0 0 0 0 -1 0 0 0
 0 0 0 0
18.597814 88.665466 1.060322 1.692307
 -1 -1 0 0 0 0 0 0 -1 0 1 0 0 0 0 0 0 1 0 0
 0 0 0 0 3 0 0 0 0 0 -1 0 -1 0 0 0 0 0 0 0
 -2 0 0 0 0 0 1 0 0 1 0 0 0 0 0 0 3 0 0 0
 0 0 -1 0
23.659316 128.933092 1.049679 1.364228
 2 0 0 1 0 0 0 0 0 -2 0 0 0 0 0 0 -2 -1 1 0
 0 0 0 0 -1 1 0 0 0 0 0 0 3 1 1 0 0 0 0 0
 1 -1 -1 0 0 0 0 0 0 0 -1 0 0 0 0 0 -2 2 0 0
 0 0 0 0
76.299302 38.800833 1.032439 -0.864011
 0 2 0 0 0 0 0 0 -2 0 0 0 0 0 0 0 0 -2 -1 0
 0 0 0 0 4 0 0 0 0 0 0 1 -2 2 0 0 0 0 0 -1
 -1 -1 0 0 0 0 0 0 0 -2 1 0 0 0 0 0 3 1 0 0
 0 0 0 0
53.900319 176.644246 1.029961 1.050940
 2 0 0 0 0 0 0 0 2 1 0 0 0 0 0 1 -2 0 -1 0
 0 0 0 -1 -2 0 0 0 0 0 0 0 3 -1 0 0 0 0 0 1
 1 2 0 0 0 0 0 0 -2 0 0 0 0 0 0 -1 -1 0 1 0
 0 0 0 0
129.856316 92.305897 1.013711 -2.632174
 3 0 0 0 0 0 0 0 0 0 0 0 0 0 0 0 -1 0 0 0
 0 0 0 0 -1 1 0 0 0 0 0 0 2 0 0 0 0 0 0 0
 0 0 0 0 0 0 0 0 -1 0 0 0 0 0 0 0 0 1 0 0
 0 0 0 0
14.112123 46.799039 1.010281 1.759933
 -1 0 0 0 0 0 -1 0 0 -1 0 0 0 0 0 0 0 0 0 0
 0 0 0 0 1 1 0 0 0 0 1 0 -1 0 0 0 0 0 -1 0
 -1 0 0 0 0 0 -1 0 2 0 -1 0 0 -1 2 0 1 0 1 0
 0 0 0 0
162.765187 95.576045 1.001567 -1.089256
 0 0 0 0 0 0 0 0 -1 0 0 0 0 0 0 0 0 0 0 0
 0 0 0 0 0 0 0 0 0 0 0 0 -1 0 0 0 0 0 0 0
 0 1 0 0 0 0 0 0 2 0 0 0 0 0 0 0 2 0 0 0
 0 0 0 0
71.370608 193.932942 0.997298 0.643636
 -2 0 0 0 0 0 0 0 -1 -1 0 0 0 0 0 0 2 0 0 0
 0 0 0 0 0 1 0 0 0 0 0 0 -2 0 0 0 0 0 0 0
 -1 0 0 0 0 0 0 0 2 0 0 0 0 0 0 0 1 0 1 0
 0 0 0 0
128.554436 148.534841 0.988619 0.372192
 0 -1 0 0 0 0 0 0 -1 0 0 0 0 0 0 0 0 -1 0 0
 0 0 0 0 2 0 1 0 0 0 0 0 0 1 0 0 0 0 0 0
 -1 0 0 0 0 0 0 0 0 0 0 0 0 0 0 0 2 0 0 0
 0 0 0 0
93.484592 30.141397 0.985932 -1.991656
 0 0 1 0 0 0 0 0 0 -1 0 0 0 0 0 0 0 0 0 0
 0 0 0 0 -2 1 0 0 0 0 0 0 0 0 0 0 0 0 0 0
 1 0 0 1 0 0 0 0 3 1 0 0 0 0 0 0 -2 1 0 0
 0 0 0 0
26.129669 84.916239 0.981525 1.160768
 3 1 0 0 0 0 0 -1 0 0 2 0 0 0 0 0 -2 0 0 0
 0 0 0 0 0 1 0 0 0 0 0 0 3 -1 0 0 0 0 0 0
 -1 -1 0 1 0 0 0 1 -1 0 0 0 0 0 0 0 -1 1 0 0
 0 0 0 0
35.918564 107.684367 0.974516 1.063951
 2 1 0 0 0 0 0 0 0 1 -1 0 0 0 0 1 -1 -1 0 0
 0 0 0 0 2 -2 0 0 0 0 0 -1 0 1 1 0 0 0 0 0
 -2 0 0 0 0 0 0 0 -2 0 0 0 0 0 0 0 1 -1 1 0
 0 0 0 -2
164.043043 170.451284 0.965151 -1.657535
 0 0 0 0 0 0 1 0 1 0 0 0 0 0 0 0 -1 0 0 0
 0 0 0 0 -1 -1 0 0 0 0 0 0 -2 0 1 0 0 0 0 0
 1 0 0 0 0 0 0 0 0 0 0 0 0 0 0 0 2 -2 0 0
 0 0 -1 0
163.045023 146.271021 0.945535 1.432457
 0 2 0 0 0 0 0 0 -2 0 0 0 0 0 0 0 -1 -1 0 0
 0 0 0 0 3 0 0 0 0 0 0 0 0 3 0 0 0 0 0 0
 -2 0 0 0 0 0 0 0 -1 -1 0 0 0 0 0 0 3 -1 0 0
 0 0 0 0
113.135482 208.566689 0.945287 0.166432
 0 0 0 0 0 0 0 0 -1 0 0 0 0 0 0 0 -1 0 0 0
 0 0 0 0 1 0 0 0 0 0 0 0 1 1 0 0 0 0 0 0
 -1 0 0 0 0 0 0 0 -1 0 0 0 0 0 0 0 1 -1 0 0
 0 0 0 0
163.016768 187.368292 0.931678 -1.666817
 -2 2 -1 0 0 0 0 0 -2 -1 0 0 0 0 0 0 0 0 0 1
 0 0 0 0 1 -1 0 0 0 0 0 1 -2 -1 0 0 0 0 0 0
 -1 1 1 0 0 0 0 0 3 0 0 0 0 0 0 0 2 0 0 0
 0 0 0 0
68.037228 100.045992 0.930807 2.801425
 -2 0 0 0 0 0 0 0 -1 0 0 0 0 0 0 0 0 0 0 0
 0 0 0 0 3 0 0 0 0 0 0 0 -1 0 0 0 0 0 0 0
 -1 0 0 0 0 0 0 0 1 1 0 0 0 0 0 0 3 0 0 0
 0 0 0 0
93.155011 19.526592 0.930065 1.162891
 0 1 0 0 0 0 0 0 -1 0 0 0 0 0 0 0 -1 0 0 0
 0 0 0 0 1 1 0 1 0 0 0 0 0 1 0 0 0 0 0 0
 -2 0 0 0 0 0 0 0 1 0 2 0 0 0 0 -1 3 0 -1 0
 0 0 0 0
27.491383 100.225053 0.905615 -1.674533
 1 -1 0 0 0 0 0 -1 0 -1 0 0 0 0 0 -1 -1 0 0 0
 0 0 0 1 -1 0 0 0 0 0 0 0 1 1 1 0 0 0 0 0
 0 0 0 0 0 0 0 0 0 0 0 0 0 0 0 0 -1 0 0 0
 0 0 0 0
27.491383 100.225053 0.905615 1.408924
 2 0 0 0 0 0 0 0 1 2 0 0 0 0 0 0 0 0 0 0
 0 0 0 0 1 0 0 1 0 0 0 0 0 -1 0 0 0 0 0 0
 -1 1 0 0 0 0 0 0 -2 0 1 0 0 0 0 0 0 0 0 0
 0 0 0 0
